"1",0,0,0.998962929813656,"Stomach Adenocarcinoma","Primary Tumor vs Solid Tissue Normal"
"2",0,0.00318471337579618,0.998560419402758,"Stomach Adenocarcinoma","Primary Tumor vs Solid Tissue Normal"
"3",0,0.00477707006369427,0.998360972413451,"Stomach Adenocarcinoma","Primary Tumor vs Solid Tissue Normal"
"4",0,0.00636942675159236,0.998171251229006,"Stomach Adenocarcinoma","Primary Tumor vs Solid Tissue Normal"
"5",0,0.00796178343949045,0.998141013159219,"Stomach Adenocarcinoma","Primary Tumor vs Solid Tissue Normal"
"6",0,0.00955414012738853,0.99798080460358,"Stomach Adenocarcinoma","Primary Tumor vs Solid Tissue Normal"
"7",0,0.0111464968152866,0.997787314556381,"Stomach Adenocarcinoma","Primary Tumor vs Solid Tissue Normal"
"8",0,0.0127388535031847,0.997776868848946,"Stomach Adenocarcinoma","Primary Tumor vs Solid Tissue Normal"
"9",0,0.0143312101910828,0.997680105385622,"Stomach Adenocarcinoma","Primary Tumor vs Solid Tissue Normal"
"10",0,0.0159235668789809,0.997472210557732,"Stomach Adenocarcinoma","Primary Tumor vs Solid Tissue Normal"
"11",0,0.017515923566879,0.997374773719351,"Stomach Adenocarcinoma","Primary Tumor vs Solid Tissue Normal"
"12",0,0.0191082802547771,0.997128340696909,"Stomach Adenocarcinoma","Primary Tumor vs Solid Tissue Normal"
"13",0,0.0207006369426752,0.997075369742378,"Stomach Adenocarcinoma","Primary Tumor vs Solid Tissue Normal"
"14",0,0.0222929936305732,0.996879016777159,"Stomach Adenocarcinoma","Primary Tumor vs Solid Tissue Normal"
"15",0,0.0238853503184713,0.996701250367879,"Stomach Adenocarcinoma","Primary Tumor vs Solid Tissue Normal"
"16",0,0.0254777070063694,0.996462212095954,"Stomach Adenocarcinoma","Primary Tumor vs Solid Tissue Normal"
"17",0,0.0270700636942675,0.996435413475093,"Stomach Adenocarcinoma","Primary Tumor vs Solid Tissue Normal"
"18",0,0.0286624203821656,0.996191872874766,"Stomach Adenocarcinoma","Primary Tumor vs Solid Tissue Normal"
"19",0,0.0302547770700637,0.9961917639282,"Stomach Adenocarcinoma","Primary Tumor vs Solid Tissue Normal"
"20",0,0.0318471337579618,0.996138915083913,"Stomach Adenocarcinoma","Primary Tumor vs Solid Tissue Normal"
"21",0,0.0334394904458599,0.996022817034658,"Stomach Adenocarcinoma","Primary Tumor vs Solid Tissue Normal"
"22",0,0.035031847133758,0.995918064483685,"Stomach Adenocarcinoma","Primary Tumor vs Solid Tissue Normal"
"23",0,0.036624203821656,0.995715480645366,"Stomach Adenocarcinoma","Primary Tumor vs Solid Tissue Normal"
"24",0,0.0382165605095541,0.995613790621782,"Stomach Adenocarcinoma","Primary Tumor vs Solid Tissue Normal"
"25",0,0.0398089171974522,0.995147157374655,"Stomach Adenocarcinoma","Primary Tumor vs Solid Tissue Normal"
"26",0,0.0414012738853503,0.995052927539691,"Stomach Adenocarcinoma","Primary Tumor vs Solid Tissue Normal"
"27",0,0.0429936305732484,0.994767544376262,"Stomach Adenocarcinoma","Primary Tumor vs Solid Tissue Normal"
"28",0,0.0445859872611465,0.994755866260451,"Stomach Adenocarcinoma","Primary Tumor vs Solid Tissue Normal"
"29",0,0.0461783439490446,0.994609852567991,"Stomach Adenocarcinoma","Primary Tumor vs Solid Tissue Normal"
"30",0,0.0477707006369427,0.994330669384296,"Stomach Adenocarcinoma","Primary Tumor vs Solid Tissue Normal"
"31",0,0.0493630573248408,0.994234175903745,"Stomach Adenocarcinoma","Primary Tumor vs Solid Tissue Normal"
"32",0,0.0509554140127389,0.994160869638515,"Stomach Adenocarcinoma","Primary Tumor vs Solid Tissue Normal"
"33",0,0.0525477707006369,0.993853229068259,"Stomach Adenocarcinoma","Primary Tumor vs Solid Tissue Normal"
"34",0,0.054140127388535,0.993708982819586,"Stomach Adenocarcinoma","Primary Tumor vs Solid Tissue Normal"
"35",0,0.0557324840764331,0.993707294272686,"Stomach Adenocarcinoma","Primary Tumor vs Solid Tissue Normal"
"36",0,0.0573248407643312,0.993461602223271,"Stomach Adenocarcinoma","Primary Tumor vs Solid Tissue Normal"
"37",0,0.0589171974522293,0.993298275954195,"Stomach Adenocarcinoma","Primary Tumor vs Solid Tissue Normal"
"38",0,0.0605095541401274,0.99329749366855,"Stomach Adenocarcinoma","Primary Tumor vs Solid Tissue Normal"
"39",0,0.0621019108280255,0.993196813185764,"Stomach Adenocarcinoma","Primary Tumor vs Solid Tissue Normal"
"40",0,0.0636942675159236,0.993112390074657,"Stomach Adenocarcinoma","Primary Tumor vs Solid Tissue Normal"
"41",0,0.0652866242038217,0.993076693872653,"Stomach Adenocarcinoma","Primary Tumor vs Solid Tissue Normal"
"42",0,0.0668789808917197,0.993008536046547,"Stomach Adenocarcinoma","Primary Tumor vs Solid Tissue Normal"
"43",0,0.0684713375796178,0.992934604638634,"Stomach Adenocarcinoma","Primary Tumor vs Solid Tissue Normal"
"44",0,0.0700636942675159,0.992755797560463,"Stomach Adenocarcinoma","Primary Tumor vs Solid Tissue Normal"
"45",0,0.071656050955414,0.992715629452203,"Stomach Adenocarcinoma","Primary Tumor vs Solid Tissue Normal"
"46",0,0.0732484076433121,0.992672485742569,"Stomach Adenocarcinoma","Primary Tumor vs Solid Tissue Normal"
"47",0,0.0748407643312102,0.992601459204699,"Stomach Adenocarcinoma","Primary Tumor vs Solid Tissue Normal"
"48",0,0.0764331210191083,0.992555724769343,"Stomach Adenocarcinoma","Primary Tumor vs Solid Tissue Normal"
"49",0,0.0780254777070064,0.992267811283386,"Stomach Adenocarcinoma","Primary Tumor vs Solid Tissue Normal"
"50",0,0.0796178343949045,0.992233111230883,"Stomach Adenocarcinoma","Primary Tumor vs Solid Tissue Normal"
"51",0,0.0812101910828025,0.992187471965898,"Stomach Adenocarcinoma","Primary Tumor vs Solid Tissue Normal"
"52",0,0.0828025477707006,0.992183540848159,"Stomach Adenocarcinoma","Primary Tumor vs Solid Tissue Normal"
"53",0,0.0843949044585987,0.992141038894059,"Stomach Adenocarcinoma","Primary Tumor vs Solid Tissue Normal"
"54",0,0.0859872611464968,0.992085142719808,"Stomach Adenocarcinoma","Primary Tumor vs Solid Tissue Normal"
"55",0,0.0875796178343949,0.992059121060403,"Stomach Adenocarcinoma","Primary Tumor vs Solid Tissue Normal"
"56",0,0.089171974522293,0.992034673878182,"Stomach Adenocarcinoma","Primary Tumor vs Solid Tissue Normal"
"57",0,0.0907643312101911,0.991889945370451,"Stomach Adenocarcinoma","Primary Tumor vs Solid Tissue Normal"
"58",0,0.0923566878980892,0.991835133222553,"Stomach Adenocarcinoma","Primary Tumor vs Solid Tissue Normal"
"59",0,0.0939490445859873,0.991818914322373,"Stomach Adenocarcinoma","Primary Tumor vs Solid Tissue Normal"
"60",0,0.0955414012738854,0.99157835054512,"Stomach Adenocarcinoma","Primary Tumor vs Solid Tissue Normal"
"61",0,0.0971337579617834,0.991514493905403,"Stomach Adenocarcinoma","Primary Tumor vs Solid Tissue Normal"
"62",0,0.0987261146496815,0.991437720125942,"Stomach Adenocarcinoma","Primary Tumor vs Solid Tissue Normal"
"63",0,0.10031847133758,0.99103955302938,"Stomach Adenocarcinoma","Primary Tumor vs Solid Tissue Normal"
"64",0,0.101910828025478,0.990976090927782,"Stomach Adenocarcinoma","Primary Tumor vs Solid Tissue Normal"
"65",0,0.103503184713376,0.99095672400098,"Stomach Adenocarcinoma","Primary Tumor vs Solid Tissue Normal"
"66",0,0.105095541401274,0.99085185554046,"Stomach Adenocarcinoma","Primary Tumor vs Solid Tissue Normal"
"67",0,0.106687898089172,0.990765040663733,"Stomach Adenocarcinoma","Primary Tumor vs Solid Tissue Normal"
"68",0,0.10828025477707,0.990723737574067,"Stomach Adenocarcinoma","Primary Tumor vs Solid Tissue Normal"
"69",0.0142857142857143,0.10828025477707,0.990706985923264,"Stomach Adenocarcinoma","Primary Tumor vs Solid Tissue Normal"
"70",0.0142857142857143,0.109872611464968,0.990546326193749,"Stomach Adenocarcinoma","Primary Tumor vs Solid Tissue Normal"
"71",0.0142857142857143,0.111464968152866,0.990399068715923,"Stomach Adenocarcinoma","Primary Tumor vs Solid Tissue Normal"
"72",0.0142857142857143,0.113057324840764,0.990306818473281,"Stomach Adenocarcinoma","Primary Tumor vs Solid Tissue Normal"
"73",0.0142857142857143,0.114649681528662,0.989879338111022,"Stomach Adenocarcinoma","Primary Tumor vs Solid Tissue Normal"
"74",0.0142857142857143,0.116242038216561,0.989859190353182,"Stomach Adenocarcinoma","Primary Tumor vs Solid Tissue Normal"
"75",0.0142857142857143,0.117834394904459,0.989633270383315,"Stomach Adenocarcinoma","Primary Tumor vs Solid Tissue Normal"
"76",0.0142857142857143,0.119426751592357,0.98960592766076,"Stomach Adenocarcinoma","Primary Tumor vs Solid Tissue Normal"
"77",0.0142857142857143,0.121019108280255,0.989534677991221,"Stomach Adenocarcinoma","Primary Tumor vs Solid Tissue Normal"
"78",0.0142857142857143,0.122611464968153,0.989482786546573,"Stomach Adenocarcinoma","Primary Tumor vs Solid Tissue Normal"
"79",0.0142857142857143,0.124203821656051,0.989430542252863,"Stomach Adenocarcinoma","Primary Tumor vs Solid Tissue Normal"
"80",0.0142857142857143,0.125796178343949,0.98930333324687,"Stomach Adenocarcinoma","Primary Tumor vs Solid Tissue Normal"
"81",0.0142857142857143,0.127388535031847,0.989068749952613,"Stomach Adenocarcinoma","Primary Tumor vs Solid Tissue Normal"
"82",0.0142857142857143,0.128980891719745,0.988954450867589,"Stomach Adenocarcinoma","Primary Tumor vs Solid Tissue Normal"
"83",0.0142857142857143,0.130573248407643,0.98865348384302,"Stomach Adenocarcinoma","Primary Tumor vs Solid Tissue Normal"
"84",0.0142857142857143,0.132165605095541,0.988618674731159,"Stomach Adenocarcinoma","Primary Tumor vs Solid Tissue Normal"
"85",0.0142857142857143,0.133757961783439,0.988456905354864,"Stomach Adenocarcinoma","Primary Tumor vs Solid Tissue Normal"
"86",0.0142857142857143,0.135350318471338,0.988448157776032,"Stomach Adenocarcinoma","Primary Tumor vs Solid Tissue Normal"
"87",0.0142857142857143,0.136942675159236,0.988363131487027,"Stomach Adenocarcinoma","Primary Tumor vs Solid Tissue Normal"
"88",0.0142857142857143,0.138535031847134,0.988277616559517,"Stomach Adenocarcinoma","Primary Tumor vs Solid Tissue Normal"
"89",0.0285714285714286,0.138535031847134,0.988270049383328,"Stomach Adenocarcinoma","Primary Tumor vs Solid Tissue Normal"
"90",0.0285714285714286,0.140127388535032,0.988241378612667,"Stomach Adenocarcinoma","Primary Tumor vs Solid Tissue Normal"
"91",0.0285714285714286,0.14171974522293,0.988221335594514,"Stomach Adenocarcinoma","Primary Tumor vs Solid Tissue Normal"
"92",0.0285714285714286,0.143312101910828,0.988157192662986,"Stomach Adenocarcinoma","Primary Tumor vs Solid Tissue Normal"
"93",0.0428571428571429,0.143312101910828,0.988098090941147,"Stomach Adenocarcinoma","Primary Tumor vs Solid Tissue Normal"
"94",0.0428571428571429,0.144904458598726,0.987830118567837,"Stomach Adenocarcinoma","Primary Tumor vs Solid Tissue Normal"
"95",0.0428571428571429,0.146496815286624,0.98770681653803,"Stomach Adenocarcinoma","Primary Tumor vs Solid Tissue Normal"
"96",0.0428571428571429,0.148089171974522,0.987540140189167,"Stomach Adenocarcinoma","Primary Tumor vs Solid Tissue Normal"
"97",0.0428571428571429,0.14968152866242,0.987241227114002,"Stomach Adenocarcinoma","Primary Tumor vs Solid Tissue Normal"
"98",0.0428571428571429,0.151273885350318,0.987109014972075,"Stomach Adenocarcinoma","Primary Tumor vs Solid Tissue Normal"
"99",0.0428571428571429,0.152866242038217,0.986927923242594,"Stomach Adenocarcinoma","Primary Tumor vs Solid Tissue Normal"
"100",0.0428571428571429,0.154458598726115,0.986886734644788,"Stomach Adenocarcinoma","Primary Tumor vs Solid Tissue Normal"
"101",0.0428571428571429,0.156050955414013,0.986766840933087,"Stomach Adenocarcinoma","Primary Tumor vs Solid Tissue Normal"
"102",0.0428571428571429,0.157643312101911,0.986690211220154,"Stomach Adenocarcinoma","Primary Tumor vs Solid Tissue Normal"
"103",0.0428571428571429,0.159235668789809,0.986679942857228,"Stomach Adenocarcinoma","Primary Tumor vs Solid Tissue Normal"
"104",0.0428571428571429,0.160828025477707,0.986647836860758,"Stomach Adenocarcinoma","Primary Tumor vs Solid Tissue Normal"
"105",0.0428571428571429,0.162420382165605,0.986581074993254,"Stomach Adenocarcinoma","Primary Tumor vs Solid Tissue Normal"
"106",0.0571428571428571,0.162420382165605,0.98651097387328,"Stomach Adenocarcinoma","Primary Tumor vs Solid Tissue Normal"
"107",0.0571428571428571,0.164012738853503,0.986339399563746,"Stomach Adenocarcinoma","Primary Tumor vs Solid Tissue Normal"
"108",0.0571428571428571,0.165605095541401,0.986025842729271,"Stomach Adenocarcinoma","Primary Tumor vs Solid Tissue Normal"
"109",0.0571428571428571,0.167197452229299,0.985479982410438,"Stomach Adenocarcinoma","Primary Tumor vs Solid Tissue Normal"
"110",0.0571428571428571,0.168789808917197,0.985339240692302,"Stomach Adenocarcinoma","Primary Tumor vs Solid Tissue Normal"
"111",0.0571428571428571,0.170382165605096,0.985326967846304,"Stomach Adenocarcinoma","Primary Tumor vs Solid Tissue Normal"
"112",0.0571428571428571,0.171974522292994,0.985326391178254,"Stomach Adenocarcinoma","Primary Tumor vs Solid Tissue Normal"
"113",0.0571428571428571,0.173566878980892,0.985234958769801,"Stomach Adenocarcinoma","Primary Tumor vs Solid Tissue Normal"
"114",0.0571428571428571,0.17515923566879,0.985232507623921,"Stomach Adenocarcinoma","Primary Tumor vs Solid Tissue Normal"
"115",0.0571428571428571,0.176751592356688,0.985189729625451,"Stomach Adenocarcinoma","Primary Tumor vs Solid Tissue Normal"
"116",0.0571428571428571,0.178343949044586,0.985149483210102,"Stomach Adenocarcinoma","Primary Tumor vs Solid Tissue Normal"
"117",0.0571428571428571,0.179936305732484,0.985002584311167,"Stomach Adenocarcinoma","Primary Tumor vs Solid Tissue Normal"
"118",0.0571428571428571,0.181528662420382,0.984819981103294,"Stomach Adenocarcinoma","Primary Tumor vs Solid Tissue Normal"
"119",0.0571428571428571,0.18312101910828,0.984649987977887,"Stomach Adenocarcinoma","Primary Tumor vs Solid Tissue Normal"
"120",0.0571428571428571,0.184713375796178,0.984494474461519,"Stomach Adenocarcinoma","Primary Tumor vs Solid Tissue Normal"
"121",0.0571428571428571,0.186305732484076,0.984358857382119,"Stomach Adenocarcinoma","Primary Tumor vs Solid Tissue Normal"
"122",0.0571428571428571,0.187898089171975,0.984242084324858,"Stomach Adenocarcinoma","Primary Tumor vs Solid Tissue Normal"
"123",0.0571428571428571,0.189490445859873,0.984051039192179,"Stomach Adenocarcinoma","Primary Tumor vs Solid Tissue Normal"
"124",0.0571428571428571,0.191082802547771,0.984038972225067,"Stomach Adenocarcinoma","Primary Tumor vs Solid Tissue Normal"
"125",0.0571428571428571,0.192675159235669,0.984007902642495,"Stomach Adenocarcinoma","Primary Tumor vs Solid Tissue Normal"
"126",0.0571428571428571,0.194267515923567,0.983954725228528,"Stomach Adenocarcinoma","Primary Tumor vs Solid Tissue Normal"
"127",0.0571428571428571,0.195859872611465,0.983923819787451,"Stomach Adenocarcinoma","Primary Tumor vs Solid Tissue Normal"
"128",0.0571428571428571,0.197452229299363,0.983901679015692,"Stomach Adenocarcinoma","Primary Tumor vs Solid Tissue Normal"
"129",0.0571428571428571,0.199044585987261,0.983886167213424,"Stomach Adenocarcinoma","Primary Tumor vs Solid Tissue Normal"
"130",0.0571428571428571,0.200636942675159,0.983655503415238,"Stomach Adenocarcinoma","Primary Tumor vs Solid Tissue Normal"
"131",0.0571428571428571,0.202229299363057,0.983652389208362,"Stomach Adenocarcinoma","Primary Tumor vs Solid Tissue Normal"
"132",0.0571428571428571,0.203821656050955,0.983621715949483,"Stomach Adenocarcinoma","Primary Tumor vs Solid Tissue Normal"
"133",0.0571428571428571,0.205414012738854,0.983405053653898,"Stomach Adenocarcinoma","Primary Tumor vs Solid Tissue Normal"
"134",0.0571428571428571,0.207006369426752,0.983297377084247,"Stomach Adenocarcinoma","Primary Tumor vs Solid Tissue Normal"
"135",0.0571428571428571,0.20859872611465,0.983212295595426,"Stomach Adenocarcinoma","Primary Tumor vs Solid Tissue Normal"
"136",0.0571428571428571,0.210191082802548,0.98319040839816,"Stomach Adenocarcinoma","Primary Tumor vs Solid Tissue Normal"
"137",0.0571428571428571,0.211783439490446,0.983157049537553,"Stomach Adenocarcinoma","Primary Tumor vs Solid Tissue Normal"
"138",0.0571428571428571,0.213375796178344,0.983101528922472,"Stomach Adenocarcinoma","Primary Tumor vs Solid Tissue Normal"
"139",0.0571428571428571,0.214968152866242,0.983101183025771,"Stomach Adenocarcinoma","Primary Tumor vs Solid Tissue Normal"
"140",0.0571428571428571,0.21656050955414,0.983012122039941,"Stomach Adenocarcinoma","Primary Tumor vs Solid Tissue Normal"
"141",0.0571428571428571,0.218152866242038,0.982743824625087,"Stomach Adenocarcinoma","Primary Tumor vs Solid Tissue Normal"
"142",0.0571428571428571,0.219745222929936,0.982594690671447,"Stomach Adenocarcinoma","Primary Tumor vs Solid Tissue Normal"
"143",0.0571428571428571,0.221337579617834,0.982571620512337,"Stomach Adenocarcinoma","Primary Tumor vs Solid Tissue Normal"
"144",0.0571428571428571,0.222929936305732,0.982473210161089,"Stomach Adenocarcinoma","Primary Tumor vs Solid Tissue Normal"
"145",0.0571428571428571,0.224522292993631,0.982396709282061,"Stomach Adenocarcinoma","Primary Tumor vs Solid Tissue Normal"
"146",0.0571428571428571,0.226114649681529,0.982235609079202,"Stomach Adenocarcinoma","Primary Tumor vs Solid Tissue Normal"
"147",0.0571428571428571,0.227707006369427,0.982066724716129,"Stomach Adenocarcinoma","Primary Tumor vs Solid Tissue Normal"
"148",0.0571428571428571,0.229299363057325,0.981880580083937,"Stomach Adenocarcinoma","Primary Tumor vs Solid Tissue Normal"
"149",0.0571428571428571,0.230891719745223,0.981873457835201,"Stomach Adenocarcinoma","Primary Tumor vs Solid Tissue Normal"
"150",0.0571428571428571,0.232484076433121,0.981712340681325,"Stomach Adenocarcinoma","Primary Tumor vs Solid Tissue Normal"
"151",0.0571428571428571,0.234076433121019,0.981607250697362,"Stomach Adenocarcinoma","Primary Tumor vs Solid Tissue Normal"
"152",0.0571428571428571,0.235668789808917,0.981539452296851,"Stomach Adenocarcinoma","Primary Tumor vs Solid Tissue Normal"
"153",0.0571428571428571,0.237261146496815,0.981324736353812,"Stomach Adenocarcinoma","Primary Tumor vs Solid Tissue Normal"
"154",0.0571428571428571,0.238853503184713,0.981289203912246,"Stomach Adenocarcinoma","Primary Tumor vs Solid Tissue Normal"
"155",0.0571428571428571,0.240445859872611,0.98119163114113,"Stomach Adenocarcinoma","Primary Tumor vs Solid Tissue Normal"
"156",0.0571428571428571,0.24203821656051,0.980913120804129,"Stomach Adenocarcinoma","Primary Tumor vs Solid Tissue Normal"
"157",0.0571428571428571,0.243630573248408,0.980613049034263,"Stomach Adenocarcinoma","Primary Tumor vs Solid Tissue Normal"
"158",0.0571428571428571,0.245222929936306,0.980548840186206,"Stomach Adenocarcinoma","Primary Tumor vs Solid Tissue Normal"
"159",0.0571428571428571,0.246815286624204,0.980439353851945,"Stomach Adenocarcinoma","Primary Tumor vs Solid Tissue Normal"
"160",0.0571428571428571,0.248407643312102,0.980313223171011,"Stomach Adenocarcinoma","Primary Tumor vs Solid Tissue Normal"
"161",0.0571428571428571,0.25,0.980193115974929,"Stomach Adenocarcinoma","Primary Tumor vs Solid Tissue Normal"
"162",0.0571428571428571,0.251592356687898,0.98005130065852,"Stomach Adenocarcinoma","Primary Tumor vs Solid Tissue Normal"
"163",0.0571428571428571,0.253184713375796,0.979981279271247,"Stomach Adenocarcinoma","Primary Tumor vs Solid Tissue Normal"
"164",0.0571428571428571,0.254777070063694,0.979944996733994,"Stomach Adenocarcinoma","Primary Tumor vs Solid Tissue Normal"
"165",0.0571428571428571,0.256369426751592,0.979839968591965,"Stomach Adenocarcinoma","Primary Tumor vs Solid Tissue Normal"
"166",0.0571428571428571,0.25796178343949,0.979784841657941,"Stomach Adenocarcinoma","Primary Tumor vs Solid Tissue Normal"
"167",0.0571428571428571,0.259554140127389,0.97976292743501,"Stomach Adenocarcinoma","Primary Tumor vs Solid Tissue Normal"
"168",0.0571428571428571,0.261146496815287,0.979571955741222,"Stomach Adenocarcinoma","Primary Tumor vs Solid Tissue Normal"
"169",0.0571428571428571,0.262738853503185,0.979392263246193,"Stomach Adenocarcinoma","Primary Tumor vs Solid Tissue Normal"
"170",0.0571428571428571,0.264331210191083,0.979332735024713,"Stomach Adenocarcinoma","Primary Tumor vs Solid Tissue Normal"
"171",0.0571428571428571,0.265923566878981,0.979248501053296,"Stomach Adenocarcinoma","Primary Tumor vs Solid Tissue Normal"
"172",0.0571428571428571,0.267515923566879,0.979122353851039,"Stomach Adenocarcinoma","Primary Tumor vs Solid Tissue Normal"
"173",0.0571428571428571,0.269108280254777,0.979113132845732,"Stomach Adenocarcinoma","Primary Tumor vs Solid Tissue Normal"
"174",0.0571428571428571,0.270700636942675,0.978855316469547,"Stomach Adenocarcinoma","Primary Tumor vs Solid Tissue Normal"
"175",0.0571428571428571,0.272292993630573,0.978792041886035,"Stomach Adenocarcinoma","Primary Tumor vs Solid Tissue Normal"
"176",0.0571428571428571,0.273885350318471,0.978788854933825,"Stomach Adenocarcinoma","Primary Tumor vs Solid Tissue Normal"
"177",0.0571428571428571,0.275477707006369,0.978638754097188,"Stomach Adenocarcinoma","Primary Tumor vs Solid Tissue Normal"
"178",0.0571428571428571,0.277070063694268,0.978568504949048,"Stomach Adenocarcinoma","Primary Tumor vs Solid Tissue Normal"
"179",0.0571428571428571,0.278662420382166,0.978484765008543,"Stomach Adenocarcinoma","Primary Tumor vs Solid Tissue Normal"
"180",0.0571428571428571,0.280254777070064,0.978460784042231,"Stomach Adenocarcinoma","Primary Tumor vs Solid Tissue Normal"
"181",0.0571428571428571,0.281847133757962,0.978446809825761,"Stomach Adenocarcinoma","Primary Tumor vs Solid Tissue Normal"
"182",0.0571428571428571,0.28343949044586,0.978423737374775,"Stomach Adenocarcinoma","Primary Tumor vs Solid Tissue Normal"
"183",0.0571428571428571,0.285031847133758,0.978295303903315,"Stomach Adenocarcinoma","Primary Tumor vs Solid Tissue Normal"
"184",0.0571428571428571,0.286624203821656,0.978239819610999,"Stomach Adenocarcinoma","Primary Tumor vs Solid Tissue Normal"
"185",0.0571428571428571,0.288216560509554,0.978171162713461,"Stomach Adenocarcinoma","Primary Tumor vs Solid Tissue Normal"
"186",0.0571428571428571,0.289808917197452,0.978159808094796,"Stomach Adenocarcinoma","Primary Tumor vs Solid Tissue Normal"
"187",0.0571428571428571,0.29140127388535,0.97778708473874,"Stomach Adenocarcinoma","Primary Tumor vs Solid Tissue Normal"
"188",0.0571428571428571,0.292993630573248,0.977701365566937,"Stomach Adenocarcinoma","Primary Tumor vs Solid Tissue Normal"
"189",0.0571428571428571,0.294585987261146,0.977690139377846,"Stomach Adenocarcinoma","Primary Tumor vs Solid Tissue Normal"
"190",0.0571428571428571,0.296178343949045,0.977681644642561,"Stomach Adenocarcinoma","Primary Tumor vs Solid Tissue Normal"
"191",0.0571428571428571,0.297770700636943,0.977305560490928,"Stomach Adenocarcinoma","Primary Tumor vs Solid Tissue Normal"
"192",0.0571428571428571,0.299363057324841,0.977181872446035,"Stomach Adenocarcinoma","Primary Tumor vs Solid Tissue Normal"
"193",0.0571428571428571,0.300955414012739,0.977155541813755,"Stomach Adenocarcinoma","Primary Tumor vs Solid Tissue Normal"
"194",0.0571428571428571,0.302547770700637,0.977101528292112,"Stomach Adenocarcinoma","Primary Tumor vs Solid Tissue Normal"
"195",0.0571428571428571,0.304140127388535,0.977011045175833,"Stomach Adenocarcinoma","Primary Tumor vs Solid Tissue Normal"
"196",0.0571428571428571,0.305732484076433,0.976984155350452,"Stomach Adenocarcinoma","Primary Tumor vs Solid Tissue Normal"
"197",0.0571428571428571,0.307324840764331,0.976851579759747,"Stomach Adenocarcinoma","Primary Tumor vs Solid Tissue Normal"
"198",0.0571428571428571,0.308917197452229,0.976683051581888,"Stomach Adenocarcinoma","Primary Tumor vs Solid Tissue Normal"
"199",0.0571428571428571,0.310509554140127,0.976648680814077,"Stomach Adenocarcinoma","Primary Tumor vs Solid Tissue Normal"
"200",0.0571428571428571,0.312101910828025,0.976628446958361,"Stomach Adenocarcinoma","Primary Tumor vs Solid Tissue Normal"
"201",0.0571428571428571,0.313694267515924,0.976597907653457,"Stomach Adenocarcinoma","Primary Tumor vs Solid Tissue Normal"
"202",0.0571428571428571,0.315286624203822,0.976503389230067,"Stomach Adenocarcinoma","Primary Tumor vs Solid Tissue Normal"
"203",0.0571428571428571,0.31687898089172,0.97634922905287,"Stomach Adenocarcinoma","Primary Tumor vs Solid Tissue Normal"
"204",0.0571428571428571,0.318471337579618,0.976334216139142,"Stomach Adenocarcinoma","Primary Tumor vs Solid Tissue Normal"
"205",0.0571428571428571,0.320063694267516,0.976229930746917,"Stomach Adenocarcinoma","Primary Tumor vs Solid Tissue Normal"
"206",0.0571428571428571,0.321656050955414,0.976082770318448,"Stomach Adenocarcinoma","Primary Tumor vs Solid Tissue Normal"
"207",0.0571428571428571,0.323248407643312,0.976043848543422,"Stomach Adenocarcinoma","Primary Tumor vs Solid Tissue Normal"
"208",0.0571428571428571,0.32484076433121,0.976012830134956,"Stomach Adenocarcinoma","Primary Tumor vs Solid Tissue Normal"
"209",0.0571428571428571,0.326433121019108,0.975908106274127,"Stomach Adenocarcinoma","Primary Tumor vs Solid Tissue Normal"
"210",0.0571428571428571,0.328025477707006,0.975797284804115,"Stomach Adenocarcinoma","Primary Tumor vs Solid Tissue Normal"
"211",0.0571428571428571,0.329617834394904,0.975677928264418,"Stomach Adenocarcinoma","Primary Tumor vs Solid Tissue Normal"
"212",0.0571428571428571,0.331210191082803,0.975641481808006,"Stomach Adenocarcinoma","Primary Tumor vs Solid Tissue Normal"
"213",0.0571428571428571,0.334394904458599,0.97561645874588,"Stomach Adenocarcinoma","Primary Tumor vs Solid Tissue Normal"
"214",0.0571428571428571,0.335987261146497,0.975327960099439,"Stomach Adenocarcinoma","Primary Tumor vs Solid Tissue Normal"
"215",0.0571428571428571,0.337579617834395,0.975073917308078,"Stomach Adenocarcinoma","Primary Tumor vs Solid Tissue Normal"
"216",0.0571428571428571,0.339171974522293,0.974964813842202,"Stomach Adenocarcinoma","Primary Tumor vs Solid Tissue Normal"
"217",0.0571428571428571,0.340764331210191,0.974799907736836,"Stomach Adenocarcinoma","Primary Tumor vs Solid Tissue Normal"
"218",0.0571428571428571,0.342356687898089,0.974521235971183,"Stomach Adenocarcinoma","Primary Tumor vs Solid Tissue Normal"
"219",0.0571428571428571,0.343949044585987,0.974328053375424,"Stomach Adenocarcinoma","Primary Tumor vs Solid Tissue Normal"
"220",0.0571428571428571,0.345541401273885,0.974260229854469,"Stomach Adenocarcinoma","Primary Tumor vs Solid Tissue Normal"
"221",0.0571428571428571,0.347133757961783,0.974140247752968,"Stomach Adenocarcinoma","Primary Tumor vs Solid Tissue Normal"
"222",0.0571428571428571,0.348726114649682,0.974121067373162,"Stomach Adenocarcinoma","Primary Tumor vs Solid Tissue Normal"
"223",0.0571428571428571,0.35031847133758,0.974032116149821,"Stomach Adenocarcinoma","Primary Tumor vs Solid Tissue Normal"
"224",0.0571428571428571,0.351910828025478,0.97365668304289,"Stomach Adenocarcinoma","Primary Tumor vs Solid Tissue Normal"
"225",0.0571428571428571,0.353503184713376,0.973619563149456,"Stomach Adenocarcinoma","Primary Tumor vs Solid Tissue Normal"
"226",0.0571428571428571,0.355095541401274,0.973433693164352,"Stomach Adenocarcinoma","Primary Tumor vs Solid Tissue Normal"
"227",0.0571428571428571,0.356687898089172,0.973318320176151,"Stomach Adenocarcinoma","Primary Tumor vs Solid Tissue Normal"
"228",0.0571428571428571,0.35828025477707,0.973042090705788,"Stomach Adenocarcinoma","Primary Tumor vs Solid Tissue Normal"
"229",0.0571428571428571,0.359872611464968,0.972910365238411,"Stomach Adenocarcinoma","Primary Tumor vs Solid Tissue Normal"
"230",0.0571428571428571,0.361464968152866,0.972828567943734,"Stomach Adenocarcinoma","Primary Tumor vs Solid Tissue Normal"
"231",0.0571428571428571,0.363057324840764,0.972647737150522,"Stomach Adenocarcinoma","Primary Tumor vs Solid Tissue Normal"
"232",0.0571428571428571,0.364649681528662,0.972140815398282,"Stomach Adenocarcinoma","Primary Tumor vs Solid Tissue Normal"
"233",0.0571428571428571,0.36624203821656,0.972086223252805,"Stomach Adenocarcinoma","Primary Tumor vs Solid Tissue Normal"
"234",0.0571428571428571,0.367834394904459,0.971962525362983,"Stomach Adenocarcinoma","Primary Tumor vs Solid Tissue Normal"
"235",0.0571428571428571,0.369426751592357,0.971737772540683,"Stomach Adenocarcinoma","Primary Tumor vs Solid Tissue Normal"
"236",0.0571428571428571,0.371019108280255,0.971687581678869,"Stomach Adenocarcinoma","Primary Tumor vs Solid Tissue Normal"
"237",0.0571428571428571,0.372611464968153,0.971672262185965,"Stomach Adenocarcinoma","Primary Tumor vs Solid Tissue Normal"
"238",0.0571428571428571,0.374203821656051,0.971587303719525,"Stomach Adenocarcinoma","Primary Tumor vs Solid Tissue Normal"
"239",0.0571428571428571,0.375796178343949,0.971432224397015,"Stomach Adenocarcinoma","Primary Tumor vs Solid Tissue Normal"
"240",0.0571428571428571,0.377388535031847,0.971054393707165,"Stomach Adenocarcinoma","Primary Tumor vs Solid Tissue Normal"
"241",0.0571428571428571,0.378980891719745,0.97080731724589,"Stomach Adenocarcinoma","Primary Tumor vs Solid Tissue Normal"
"242",0.0571428571428571,0.380573248407643,0.970681780316714,"Stomach Adenocarcinoma","Primary Tumor vs Solid Tissue Normal"
"243",0.0714285714285714,0.380573248407643,0.970094493725265,"Stomach Adenocarcinoma","Primary Tumor vs Solid Tissue Normal"
"244",0.0714285714285714,0.382165605095541,0.969845915445803,"Stomach Adenocarcinoma","Primary Tumor vs Solid Tissue Normal"
"245",0.0714285714285714,0.38375796178344,0.969749486022421,"Stomach Adenocarcinoma","Primary Tumor vs Solid Tissue Normal"
"246",0.0714285714285714,0.385350318471338,0.969703240414513,"Stomach Adenocarcinoma","Primary Tumor vs Solid Tissue Normal"
"247",0.0714285714285714,0.386942675159236,0.969612979648273,"Stomach Adenocarcinoma","Primary Tumor vs Solid Tissue Normal"
"248",0.0714285714285714,0.388535031847134,0.969598862554536,"Stomach Adenocarcinoma","Primary Tumor vs Solid Tissue Normal"
"249",0.0714285714285714,0.390127388535032,0.969577862588403,"Stomach Adenocarcinoma","Primary Tumor vs Solid Tissue Normal"
"250",0.0714285714285714,0.39171974522293,0.969523061257053,"Stomach Adenocarcinoma","Primary Tumor vs Solid Tissue Normal"
"251",0.0714285714285714,0.393312101910828,0.969508736052326,"Stomach Adenocarcinoma","Primary Tumor vs Solid Tissue Normal"
"252",0.0714285714285714,0.394904458598726,0.969220942005184,"Stomach Adenocarcinoma","Primary Tumor vs Solid Tissue Normal"
"253",0.0714285714285714,0.396496815286624,0.969163089996828,"Stomach Adenocarcinoma","Primary Tumor vs Solid Tissue Normal"
"254",0.0714285714285714,0.398089171974522,0.968699003233297,"Stomach Adenocarcinoma","Primary Tumor vs Solid Tissue Normal"
"255",0.0714285714285714,0.39968152866242,0.968596224412858,"Stomach Adenocarcinoma","Primary Tumor vs Solid Tissue Normal"
"256",0.0714285714285714,0.401273885350318,0.968458747213428,"Stomach Adenocarcinoma","Primary Tumor vs Solid Tissue Normal"
"257",0.0714285714285714,0.402866242038217,0.967856108566874,"Stomach Adenocarcinoma","Primary Tumor vs Solid Tissue Normal"
"258",0.0714285714285714,0.404458598726115,0.966872915321972,"Stomach Adenocarcinoma","Primary Tumor vs Solid Tissue Normal"
"259",0.0714285714285714,0.406050955414013,0.96652618772281,"Stomach Adenocarcinoma","Primary Tumor vs Solid Tissue Normal"
"260",0.0714285714285714,0.407643312101911,0.966455618084111,"Stomach Adenocarcinoma","Primary Tumor vs Solid Tissue Normal"
"261",0.0714285714285714,0.409235668789809,0.966444148548346,"Stomach Adenocarcinoma","Primary Tumor vs Solid Tissue Normal"
"262",0.0714285714285714,0.410828025477707,0.966166468322818,"Stomach Adenocarcinoma","Primary Tumor vs Solid Tissue Normal"
"263",0.0714285714285714,0.412420382165605,0.965514742594139,"Stomach Adenocarcinoma","Primary Tumor vs Solid Tissue Normal"
"264",0.0714285714285714,0.414012738853503,0.965422560871078,"Stomach Adenocarcinoma","Primary Tumor vs Solid Tissue Normal"
"265",0.0857142857142857,0.414012738853503,0.965202261456195,"Stomach Adenocarcinoma","Primary Tumor vs Solid Tissue Normal"
"266",0.0857142857142857,0.415605095541401,0.964727000793014,"Stomach Adenocarcinoma","Primary Tumor vs Solid Tissue Normal"
"267",0.0857142857142857,0.417197452229299,0.964591803708058,"Stomach Adenocarcinoma","Primary Tumor vs Solid Tissue Normal"
"268",0.0857142857142857,0.418789808917197,0.964354758817515,"Stomach Adenocarcinoma","Primary Tumor vs Solid Tissue Normal"
"269",0.0857142857142857,0.420382165605096,0.964258521177583,"Stomach Adenocarcinoma","Primary Tumor vs Solid Tissue Normal"
"270",0.0857142857142857,0.421974522292994,0.964247679491261,"Stomach Adenocarcinoma","Primary Tumor vs Solid Tissue Normal"
"271",0.0857142857142857,0.423566878980892,0.964116620717001,"Stomach Adenocarcinoma","Primary Tumor vs Solid Tissue Normal"
"272",0.0857142857142857,0.42515923566879,0.964010288860809,"Stomach Adenocarcinoma","Primary Tumor vs Solid Tissue Normal"
"273",0.0857142857142857,0.426751592356688,0.963803017330177,"Stomach Adenocarcinoma","Primary Tumor vs Solid Tissue Normal"
"274",0.0857142857142857,0.428343949044586,0.963561565664932,"Stomach Adenocarcinoma","Primary Tumor vs Solid Tissue Normal"
"275",0.0857142857142857,0.429936305732484,0.963541272636254,"Stomach Adenocarcinoma","Primary Tumor vs Solid Tissue Normal"
"276",0.0857142857142857,0.431528662420382,0.963466268514671,"Stomach Adenocarcinoma","Primary Tumor vs Solid Tissue Normal"
"277",0.0857142857142857,0.43312101910828,0.963420078655597,"Stomach Adenocarcinoma","Primary Tumor vs Solid Tissue Normal"
"278",0.0857142857142857,0.434713375796178,0.963141287409646,"Stomach Adenocarcinoma","Primary Tumor vs Solid Tissue Normal"
"279",0.0857142857142857,0.436305732484076,0.963062267453716,"Stomach Adenocarcinoma","Primary Tumor vs Solid Tissue Normal"
"280",0.0857142857142857,0.437898089171975,0.962937728848816,"Stomach Adenocarcinoma","Primary Tumor vs Solid Tissue Normal"
"281",0.0857142857142857,0.439490445859873,0.962739893582398,"Stomach Adenocarcinoma","Primary Tumor vs Solid Tissue Normal"
"282",0.0857142857142857,0.441082802547771,0.962100625226542,"Stomach Adenocarcinoma","Primary Tumor vs Solid Tissue Normal"
"283",0.0857142857142857,0.442675159235669,0.961947484910871,"Stomach Adenocarcinoma","Primary Tumor vs Solid Tissue Normal"
"284",0.0857142857142857,0.444267515923567,0.961807062382195,"Stomach Adenocarcinoma","Primary Tumor vs Solid Tissue Normal"
"285",0.0857142857142857,0.445859872611465,0.960987673061639,"Stomach Adenocarcinoma","Primary Tumor vs Solid Tissue Normal"
"286",0.0857142857142857,0.447452229299363,0.960516367038291,"Stomach Adenocarcinoma","Primary Tumor vs Solid Tissue Normal"
"287",0.0857142857142857,0.449044585987261,0.960495968316632,"Stomach Adenocarcinoma","Primary Tumor vs Solid Tissue Normal"
"288",0.1,0.449044585987261,0.960424624454694,"Stomach Adenocarcinoma","Primary Tumor vs Solid Tissue Normal"
"289",0.1,0.450636942675159,0.959928462185318,"Stomach Adenocarcinoma","Primary Tumor vs Solid Tissue Normal"
"290",0.1,0.452229299363057,0.959911382889935,"Stomach Adenocarcinoma","Primary Tumor vs Solid Tissue Normal"
"291",0.1,0.453821656050955,0.95976485261833,"Stomach Adenocarcinoma","Primary Tumor vs Solid Tissue Normal"
"292",0.1,0.455414012738854,0.959561249525065,"Stomach Adenocarcinoma","Primary Tumor vs Solid Tissue Normal"
"293",0.1,0.457006369426752,0.959002826385173,"Stomach Adenocarcinoma","Primary Tumor vs Solid Tissue Normal"
"294",0.1,0.45859872611465,0.958956557746088,"Stomach Adenocarcinoma","Primary Tumor vs Solid Tissue Normal"
"295",0.1,0.460191082802548,0.958852332534764,"Stomach Adenocarcinoma","Primary Tumor vs Solid Tissue Normal"
"296",0.1,0.461783439490446,0.958568732133401,"Stomach Adenocarcinoma","Primary Tumor vs Solid Tissue Normal"
"297",0.1,0.463375796178344,0.958247736420976,"Stomach Adenocarcinoma","Primary Tumor vs Solid Tissue Normal"
"298",0.1,0.464968152866242,0.958215668475867,"Stomach Adenocarcinoma","Primary Tumor vs Solid Tissue Normal"
"299",0.1,0.46656050955414,0.958031150670137,"Stomach Adenocarcinoma","Primary Tumor vs Solid Tissue Normal"
"300",0.114285714285714,0.46656050955414,0.957713056149636,"Stomach Adenocarcinoma","Primary Tumor vs Solid Tissue Normal"
"301",0.114285714285714,0.468152866242038,0.957637774036548,"Stomach Adenocarcinoma","Primary Tumor vs Solid Tissue Normal"
"302",0.114285714285714,0.469745222929936,0.957625666884016,"Stomach Adenocarcinoma","Primary Tumor vs Solid Tissue Normal"
"303",0.114285714285714,0.471337579617834,0.957324743730446,"Stomach Adenocarcinoma","Primary Tumor vs Solid Tissue Normal"
"304",0.114285714285714,0.472929936305732,0.956781057541029,"Stomach Adenocarcinoma","Primary Tumor vs Solid Tissue Normal"
"305",0.114285714285714,0.474522292993631,0.956724355207597,"Stomach Adenocarcinoma","Primary Tumor vs Solid Tissue Normal"
"306",0.114285714285714,0.476114649681529,0.956400018409213,"Stomach Adenocarcinoma","Primary Tumor vs Solid Tissue Normal"
"307",0.114285714285714,0.477707006369427,0.956155375892736,"Stomach Adenocarcinoma","Primary Tumor vs Solid Tissue Normal"
"308",0.114285714285714,0.479299363057325,0.955666329379371,"Stomach Adenocarcinoma","Primary Tumor vs Solid Tissue Normal"
"309",0.114285714285714,0.480891719745223,0.955481726216551,"Stomach Adenocarcinoma","Primary Tumor vs Solid Tissue Normal"
"310",0.114285714285714,0.482484076433121,0.95546180361803,"Stomach Adenocarcinoma","Primary Tumor vs Solid Tissue Normal"
"311",0.114285714285714,0.484076433121019,0.955321443841516,"Stomach Adenocarcinoma","Primary Tumor vs Solid Tissue Normal"
"312",0.114285714285714,0.485668789808917,0.955238670246369,"Stomach Adenocarcinoma","Primary Tumor vs Solid Tissue Normal"
"313",0.114285714285714,0.487261146496815,0.955198945275714,"Stomach Adenocarcinoma","Primary Tumor vs Solid Tissue Normal"
"314",0.114285714285714,0.488853503184713,0.954952333132232,"Stomach Adenocarcinoma","Primary Tumor vs Solid Tissue Normal"
"315",0.114285714285714,0.490445859872611,0.954854945396095,"Stomach Adenocarcinoma","Primary Tumor vs Solid Tissue Normal"
"316",0.114285714285714,0.49203821656051,0.954777356229373,"Stomach Adenocarcinoma","Primary Tumor vs Solid Tissue Normal"
"317",0.114285714285714,0.493630573248408,0.954734461728246,"Stomach Adenocarcinoma","Primary Tumor vs Solid Tissue Normal"
"318",0.114285714285714,0.495222929936306,0.954135834594174,"Stomach Adenocarcinoma","Primary Tumor vs Solid Tissue Normal"
"319",0.114285714285714,0.496815286624204,0.954098698382865,"Stomach Adenocarcinoma","Primary Tumor vs Solid Tissue Normal"
"320",0.114285714285714,0.498407643312102,0.953440011939848,"Stomach Adenocarcinoma","Primary Tumor vs Solid Tissue Normal"
"321",0.114285714285714,0.5,0.953405081316054,"Stomach Adenocarcinoma","Primary Tumor vs Solid Tissue Normal"
"322",0.114285714285714,0.501592356687898,0.952999725641162,"Stomach Adenocarcinoma","Primary Tumor vs Solid Tissue Normal"
"323",0.114285714285714,0.503184713375796,0.952879884501161,"Stomach Adenocarcinoma","Primary Tumor vs Solid Tissue Normal"
"324",0.114285714285714,0.504777070063694,0.952850133783495,"Stomach Adenocarcinoma","Primary Tumor vs Solid Tissue Normal"
"325",0.114285714285714,0.506369426751592,0.952018311853747,"Stomach Adenocarcinoma","Primary Tumor vs Solid Tissue Normal"
"326",0.114285714285714,0.50796178343949,0.951922403096881,"Stomach Adenocarcinoma","Primary Tumor vs Solid Tissue Normal"
"327",0.114285714285714,0.509554140127389,0.951730629320198,"Stomach Adenocarcinoma","Primary Tumor vs Solid Tissue Normal"
"328",0.114285714285714,0.511146496815287,0.951695691172267,"Stomach Adenocarcinoma","Primary Tumor vs Solid Tissue Normal"
"329",0.114285714285714,0.512738853503185,0.951627121390418,"Stomach Adenocarcinoma","Primary Tumor vs Solid Tissue Normal"
"330",0.128571428571429,0.512738853503185,0.951571844832727,"Stomach Adenocarcinoma","Primary Tumor vs Solid Tissue Normal"
"331",0.128571428571429,0.514331210191083,0.951528393756838,"Stomach Adenocarcinoma","Primary Tumor vs Solid Tissue Normal"
"332",0.128571428571429,0.515923566878981,0.951263651801643,"Stomach Adenocarcinoma","Primary Tumor vs Solid Tissue Normal"
"333",0.128571428571429,0.517515923566879,0.951169601302875,"Stomach Adenocarcinoma","Primary Tumor vs Solid Tissue Normal"
"334",0.128571428571429,0.519108280254777,0.950981218910817,"Stomach Adenocarcinoma","Primary Tumor vs Solid Tissue Normal"
"335",0.128571428571429,0.520700636942675,0.950547050343599,"Stomach Adenocarcinoma","Primary Tumor vs Solid Tissue Normal"
"336",0.128571428571429,0.522292993630573,0.949878156104379,"Stomach Adenocarcinoma","Primary Tumor vs Solid Tissue Normal"
"337",0.128571428571429,0.523885350318471,0.949620339284279,"Stomach Adenocarcinoma","Primary Tumor vs Solid Tissue Normal"
"338",0.128571428571429,0.525477707006369,0.949568205497477,"Stomach Adenocarcinoma","Primary Tumor vs Solid Tissue Normal"
"339",0.128571428571429,0.527070063694268,0.949471834941348,"Stomach Adenocarcinoma","Primary Tumor vs Solid Tissue Normal"
"340",0.128571428571429,0.528662420382166,0.94872925479991,"Stomach Adenocarcinoma","Primary Tumor vs Solid Tissue Normal"
"341",0.128571428571429,0.530254777070064,0.948543765293982,"Stomach Adenocarcinoma","Primary Tumor vs Solid Tissue Normal"
"342",0.128571428571429,0.531847133757962,0.948432293750385,"Stomach Adenocarcinoma","Primary Tumor vs Solid Tissue Normal"
"343",0.128571428571429,0.53343949044586,0.948057949876063,"Stomach Adenocarcinoma","Primary Tumor vs Solid Tissue Normal"
"344",0.128571428571429,0.535031847133758,0.94742948668773,"Stomach Adenocarcinoma","Primary Tumor vs Solid Tissue Normal"
"345",0.128571428571429,0.536624203821656,0.947016369073614,"Stomach Adenocarcinoma","Primary Tumor vs Solid Tissue Normal"
"346",0.128571428571429,0.538216560509554,0.946988048758992,"Stomach Adenocarcinoma","Primary Tumor vs Solid Tissue Normal"
"347",0.128571428571429,0.539808917197452,0.946460506577929,"Stomach Adenocarcinoma","Primary Tumor vs Solid Tissue Normal"
"348",0.128571428571429,0.54140127388535,0.946050449111257,"Stomach Adenocarcinoma","Primary Tumor vs Solid Tissue Normal"
"349",0.128571428571429,0.542993630573248,0.94562856283145,"Stomach Adenocarcinoma","Primary Tumor vs Solid Tissue Normal"
"350",0.128571428571429,0.544585987261146,0.945513559440431,"Stomach Adenocarcinoma","Primary Tumor vs Solid Tissue Normal"
"351",0.128571428571429,0.546178343949045,0.945306262770428,"Stomach Adenocarcinoma","Primary Tumor vs Solid Tissue Normal"
"352",0.128571428571429,0.547770700636943,0.945021076801199,"Stomach Adenocarcinoma","Primary Tumor vs Solid Tissue Normal"
"353",0.128571428571429,0.549363057324841,0.944594057130234,"Stomach Adenocarcinoma","Primary Tumor vs Solid Tissue Normal"
"354",0.128571428571429,0.550955414012739,0.943229644008816,"Stomach Adenocarcinoma","Primary Tumor vs Solid Tissue Normal"
"355",0.128571428571429,0.552547770700637,0.942925513256862,"Stomach Adenocarcinoma","Primary Tumor vs Solid Tissue Normal"
"356",0.128571428571429,0.554140127388535,0.94247170102578,"Stomach Adenocarcinoma","Primary Tumor vs Solid Tissue Normal"
"357",0.128571428571429,0.555732484076433,0.942287885960676,"Stomach Adenocarcinoma","Primary Tumor vs Solid Tissue Normal"
"358",0.128571428571429,0.557324840764331,0.941984806127575,"Stomach Adenocarcinoma","Primary Tumor vs Solid Tissue Normal"
"359",0.128571428571429,0.558917197452229,0.94192050912882,"Stomach Adenocarcinoma","Primary Tumor vs Solid Tissue Normal"
"360",0.128571428571429,0.560509554140127,0.941712430670067,"Stomach Adenocarcinoma","Primary Tumor vs Solid Tissue Normal"
"361",0.128571428571429,0.562101910828026,0.941179859524116,"Stomach Adenocarcinoma","Primary Tumor vs Solid Tissue Normal"
"362",0.128571428571429,0.563694267515924,0.940688662526041,"Stomach Adenocarcinoma","Primary Tumor vs Solid Tissue Normal"
"363",0.128571428571429,0.565286624203822,0.940110585431994,"Stomach Adenocarcinoma","Primary Tumor vs Solid Tissue Normal"
"364",0.128571428571429,0.56687898089172,0.939538188830814,"Stomach Adenocarcinoma","Primary Tumor vs Solid Tissue Normal"
"365",0.128571428571429,0.568471337579618,0.939499975275296,"Stomach Adenocarcinoma","Primary Tumor vs Solid Tissue Normal"
"366",0.128571428571429,0.570063694267516,0.939460888677448,"Stomach Adenocarcinoma","Primary Tumor vs Solid Tissue Normal"
"367",0.128571428571429,0.571656050955414,0.938917854545306,"Stomach Adenocarcinoma","Primary Tumor vs Solid Tissue Normal"
"368",0.128571428571429,0.573248407643312,0.93890708787772,"Stomach Adenocarcinoma","Primary Tumor vs Solid Tissue Normal"
"369",0.128571428571429,0.57484076433121,0.938646923837956,"Stomach Adenocarcinoma","Primary Tumor vs Solid Tissue Normal"
"370",0.128571428571429,0.576433121019108,0.938265575296164,"Stomach Adenocarcinoma","Primary Tumor vs Solid Tissue Normal"
"371",0.128571428571429,0.578025477707006,0.938204310845604,"Stomach Adenocarcinoma","Primary Tumor vs Solid Tissue Normal"
"372",0.128571428571429,0.579617834394904,0.9378570015101,"Stomach Adenocarcinoma","Primary Tumor vs Solid Tissue Normal"
"373",0.128571428571429,0.581210191082803,0.937756431715984,"Stomach Adenocarcinoma","Primary Tumor vs Solid Tissue Normal"
"374",0.128571428571429,0.582802547770701,0.93733412811178,"Stomach Adenocarcinoma","Primary Tumor vs Solid Tissue Normal"
"375",0.128571428571429,0.584394904458599,0.937101546135272,"Stomach Adenocarcinoma","Primary Tumor vs Solid Tissue Normal"
"376",0.128571428571429,0.585987261146497,0.93691468635078,"Stomach Adenocarcinoma","Primary Tumor vs Solid Tissue Normal"
"377",0.128571428571429,0.587579617834395,0.936640391670062,"Stomach Adenocarcinoma","Primary Tumor vs Solid Tissue Normal"
"378",0.128571428571429,0.589171974522293,0.936239533914601,"Stomach Adenocarcinoma","Primary Tumor vs Solid Tissue Normal"
"379",0.128571428571429,0.590764331210191,0.936171635338563,"Stomach Adenocarcinoma","Primary Tumor vs Solid Tissue Normal"
"380",0.128571428571429,0.592356687898089,0.936000664118652,"Stomach Adenocarcinoma","Primary Tumor vs Solid Tissue Normal"
"381",0.128571428571429,0.595541401273885,0.935394328372243,"Stomach Adenocarcinoma","Primary Tumor vs Solid Tissue Normal"
"382",0.128571428571429,0.597133757961783,0.935325098143406,"Stomach Adenocarcinoma","Primary Tumor vs Solid Tissue Normal"
"383",0.128571428571429,0.598726114649682,0.935218235005781,"Stomach Adenocarcinoma","Primary Tumor vs Solid Tissue Normal"
"384",0.128571428571429,0.60031847133758,0.935138251267195,"Stomach Adenocarcinoma","Primary Tumor vs Solid Tissue Normal"
"385",0.128571428571429,0.601910828025478,0.934636467908507,"Stomach Adenocarcinoma","Primary Tumor vs Solid Tissue Normal"
"386",0.128571428571429,0.603503184713376,0.934474159975037,"Stomach Adenocarcinoma","Primary Tumor vs Solid Tissue Normal"
"387",0.128571428571429,0.605095541401274,0.933864507477847,"Stomach Adenocarcinoma","Primary Tumor vs Solid Tissue Normal"
"388",0.128571428571429,0.606687898089172,0.933424418775761,"Stomach Adenocarcinoma","Primary Tumor vs Solid Tissue Normal"
"389",0.128571428571429,0.60828025477707,0.932304156062888,"Stomach Adenocarcinoma","Primary Tumor vs Solid Tissue Normal"
"390",0.128571428571429,0.609872611464968,0.932181657487992,"Stomach Adenocarcinoma","Primary Tumor vs Solid Tissue Normal"
"391",0.128571428571429,0.611464968152866,0.931944492158731,"Stomach Adenocarcinoma","Primary Tumor vs Solid Tissue Normal"
"392",0.128571428571429,0.613057324840764,0.931695803365765,"Stomach Adenocarcinoma","Primary Tumor vs Solid Tissue Normal"
"393",0.128571428571429,0.614649681528662,0.930778340678824,"Stomach Adenocarcinoma","Primary Tumor vs Solid Tissue Normal"
"394",0.128571428571429,0.616242038216561,0.930663330471604,"Stomach Adenocarcinoma","Primary Tumor vs Solid Tissue Normal"
"395",0.128571428571429,0.617834394904459,0.92986993176494,"Stomach Adenocarcinoma","Primary Tumor vs Solid Tissue Normal"
"396",0.128571428571429,0.619426751592357,0.929790494431204,"Stomach Adenocarcinoma","Primary Tumor vs Solid Tissue Normal"
"397",0.128571428571429,0.621019108280255,0.928966625986206,"Stomach Adenocarcinoma","Primary Tumor vs Solid Tissue Normal"
"398",0.128571428571429,0.622611464968153,0.928585315795227,"Stomach Adenocarcinoma","Primary Tumor vs Solid Tissue Normal"
"399",0.128571428571429,0.624203821656051,0.928584123929411,"Stomach Adenocarcinoma","Primary Tumor vs Solid Tissue Normal"
"400",0.128571428571429,0.625796178343949,0.928581478263944,"Stomach Adenocarcinoma","Primary Tumor vs Solid Tissue Normal"
"401",0.128571428571429,0.627388535031847,0.927825889676992,"Stomach Adenocarcinoma","Primary Tumor vs Solid Tissue Normal"
"402",0.128571428571429,0.628980891719745,0.92755978360839,"Stomach Adenocarcinoma","Primary Tumor vs Solid Tissue Normal"
"403",0.128571428571429,0.630573248407643,0.926967726495236,"Stomach Adenocarcinoma","Primary Tumor vs Solid Tissue Normal"
"404",0.128571428571429,0.632165605095541,0.926679418710716,"Stomach Adenocarcinoma","Primary Tumor vs Solid Tissue Normal"
"405",0.128571428571429,0.633757961783439,0.926433554112552,"Stomach Adenocarcinoma","Primary Tumor vs Solid Tissue Normal"
"406",0.128571428571429,0.635350318471338,0.92631309804515,"Stomach Adenocarcinoma","Primary Tumor vs Solid Tissue Normal"
"407",0.128571428571429,0.636942675159236,0.925756311327799,"Stomach Adenocarcinoma","Primary Tumor vs Solid Tissue Normal"
"408",0.128571428571429,0.638535031847134,0.92557145497613,"Stomach Adenocarcinoma","Primary Tumor vs Solid Tissue Normal"
"409",0.128571428571429,0.640127388535032,0.925264403705897,"Stomach Adenocarcinoma","Primary Tumor vs Solid Tissue Normal"
"410",0.128571428571429,0.64171974522293,0.924597183590098,"Stomach Adenocarcinoma","Primary Tumor vs Solid Tissue Normal"
"411",0.128571428571429,0.643312101910828,0.923588456223636,"Stomach Adenocarcinoma","Primary Tumor vs Solid Tissue Normal"
"412",0.128571428571429,0.644904458598726,0.92336378338578,"Stomach Adenocarcinoma","Primary Tumor vs Solid Tissue Normal"
"413",0.128571428571429,0.646496815286624,0.922915481888224,"Stomach Adenocarcinoma","Primary Tumor vs Solid Tissue Normal"
"414",0.128571428571429,0.648089171974522,0.922156211861385,"Stomach Adenocarcinoma","Primary Tumor vs Solid Tissue Normal"
"415",0.128571428571429,0.64968152866242,0.920807227410865,"Stomach Adenocarcinoma","Primary Tumor vs Solid Tissue Normal"
"416",0.128571428571429,0.651273885350318,0.920088914108545,"Stomach Adenocarcinoma","Primary Tumor vs Solid Tissue Normal"
"417",0.142857142857143,0.651273885350318,0.920086552358985,"Stomach Adenocarcinoma","Primary Tumor vs Solid Tissue Normal"
"418",0.142857142857143,0.652866242038217,0.919824018123624,"Stomach Adenocarcinoma","Primary Tumor vs Solid Tissue Normal"
"419",0.142857142857143,0.654458598726115,0.919737805751156,"Stomach Adenocarcinoma","Primary Tumor vs Solid Tissue Normal"
"420",0.142857142857143,0.656050955414013,0.919269873641601,"Stomach Adenocarcinoma","Primary Tumor vs Solid Tissue Normal"
"421",0.142857142857143,0.657643312101911,0.918434130369346,"Stomach Adenocarcinoma","Primary Tumor vs Solid Tissue Normal"
"422",0.142857142857143,0.660828025477707,0.91830664855391,"Stomach Adenocarcinoma","Primary Tumor vs Solid Tissue Normal"
"423",0.142857142857143,0.662420382165605,0.918130898860935,"Stomach Adenocarcinoma","Primary Tumor vs Solid Tissue Normal"
"424",0.142857142857143,0.664012738853503,0.917342907484841,"Stomach Adenocarcinoma","Primary Tumor vs Solid Tissue Normal"
"425",0.142857142857143,0.665605095541401,0.916863396643765,"Stomach Adenocarcinoma","Primary Tumor vs Solid Tissue Normal"
"426",0.142857142857143,0.667197452229299,0.916652273336325,"Stomach Adenocarcinoma","Primary Tumor vs Solid Tissue Normal"
"427",0.142857142857143,0.668789808917197,0.916543010405708,"Stomach Adenocarcinoma","Primary Tumor vs Solid Tissue Normal"
"428",0.157142857142857,0.668789808917197,0.916028452165398,"Stomach Adenocarcinoma","Primary Tumor vs Solid Tissue Normal"
"429",0.157142857142857,0.670382165605096,0.915515940162021,"Stomach Adenocarcinoma","Primary Tumor vs Solid Tissue Normal"
"430",0.157142857142857,0.671974522292994,0.914058070076575,"Stomach Adenocarcinoma","Primary Tumor vs Solid Tissue Normal"
"431",0.157142857142857,0.673566878980892,0.914016591744192,"Stomach Adenocarcinoma","Primary Tumor vs Solid Tissue Normal"
"432",0.157142857142857,0.67515923566879,0.913157785478441,"Stomach Adenocarcinoma","Primary Tumor vs Solid Tissue Normal"
"433",0.157142857142857,0.676751592356688,0.912260446342732,"Stomach Adenocarcinoma","Primary Tumor vs Solid Tissue Normal"
"434",0.157142857142857,0.678343949044586,0.912049419864988,"Stomach Adenocarcinoma","Primary Tumor vs Solid Tissue Normal"
"435",0.157142857142857,0.679936305732484,0.911511199076743,"Stomach Adenocarcinoma","Primary Tumor vs Solid Tissue Normal"
"436",0.157142857142857,0.681528662420382,0.911228960810763,"Stomach Adenocarcinoma","Primary Tumor vs Solid Tissue Normal"
"437",0.157142857142857,0.68312101910828,0.911031609660215,"Stomach Adenocarcinoma","Primary Tumor vs Solid Tissue Normal"
"438",0.157142857142857,0.684713375796178,0.909839434004902,"Stomach Adenocarcinoma","Primary Tumor vs Solid Tissue Normal"
"439",0.157142857142857,0.686305732484076,0.909214967060875,"Stomach Adenocarcinoma","Primary Tumor vs Solid Tissue Normal"
"440",0.157142857142857,0.687898089171974,0.907614294781066,"Stomach Adenocarcinoma","Primary Tumor vs Solid Tissue Normal"
"441",0.157142857142857,0.689490445859873,0.90755301086933,"Stomach Adenocarcinoma","Primary Tumor vs Solid Tissue Normal"
"442",0.157142857142857,0.691082802547771,0.907344998801824,"Stomach Adenocarcinoma","Primary Tumor vs Solid Tissue Normal"
"443",0.157142857142857,0.692675159235669,0.906997267702958,"Stomach Adenocarcinoma","Primary Tumor vs Solid Tissue Normal"
"444",0.157142857142857,0.694267515923567,0.906048521389646,"Stomach Adenocarcinoma","Primary Tumor vs Solid Tissue Normal"
"445",0.157142857142857,0.695859872611465,0.905383355732385,"Stomach Adenocarcinoma","Primary Tumor vs Solid Tissue Normal"
"446",0.157142857142857,0.697452229299363,0.903253835050531,"Stomach Adenocarcinoma","Primary Tumor vs Solid Tissue Normal"
"447",0.157142857142857,0.699044585987261,0.902975306854529,"Stomach Adenocarcinoma","Primary Tumor vs Solid Tissue Normal"
"448",0.157142857142857,0.700636942675159,0.90244861119747,"Stomach Adenocarcinoma","Primary Tumor vs Solid Tissue Normal"
"449",0.157142857142857,0.703821656050955,0.901753070761936,"Stomach Adenocarcinoma","Primary Tumor vs Solid Tissue Normal"
"450",0.157142857142857,0.705414012738854,0.900242809106866,"Stomach Adenocarcinoma","Primary Tumor vs Solid Tissue Normal"
"451",0.157142857142857,0.707006369426752,0.899210433366779,"Stomach Adenocarcinoma","Primary Tumor vs Solid Tissue Normal"
"452",0.157142857142857,0.70859872611465,0.898848727705331,"Stomach Adenocarcinoma","Primary Tumor vs Solid Tissue Normal"
"453",0.157142857142857,0.710191082802548,0.898261860010655,"Stomach Adenocarcinoma","Primary Tumor vs Solid Tissue Normal"
"454",0.171428571428571,0.710191082802548,0.897839049090697,"Stomach Adenocarcinoma","Primary Tumor vs Solid Tissue Normal"
"455",0.171428571428571,0.711783439490446,0.895997638645824,"Stomach Adenocarcinoma","Primary Tumor vs Solid Tissue Normal"
"456",0.171428571428571,0.713375796178344,0.895789470681391,"Stomach Adenocarcinoma","Primary Tumor vs Solid Tissue Normal"
"457",0.171428571428571,0.714968152866242,0.895520003951269,"Stomach Adenocarcinoma","Primary Tumor vs Solid Tissue Normal"
"458",0.171428571428571,0.71656050955414,0.895042970612544,"Stomach Adenocarcinoma","Primary Tumor vs Solid Tissue Normal"
"459",0.171428571428571,0.718152866242038,0.89453825188268,"Stomach Adenocarcinoma","Primary Tumor vs Solid Tissue Normal"
"460",0.171428571428571,0.719745222929936,0.89296156083321,"Stomach Adenocarcinoma","Primary Tumor vs Solid Tissue Normal"
"461",0.171428571428571,0.721337579617834,0.891797424538483,"Stomach Adenocarcinoma","Primary Tumor vs Solid Tissue Normal"
"462",0.171428571428571,0.722929936305732,0.891169072556211,"Stomach Adenocarcinoma","Primary Tumor vs Solid Tissue Normal"
"463",0.171428571428571,0.724522292993631,0.891024930234789,"Stomach Adenocarcinoma","Primary Tumor vs Solid Tissue Normal"
"464",0.171428571428571,0.726114649681529,0.89085267375533,"Stomach Adenocarcinoma","Primary Tumor vs Solid Tissue Normal"
"465",0.171428571428571,0.727707006369427,0.890235930080026,"Stomach Adenocarcinoma","Primary Tumor vs Solid Tissue Normal"
"466",0.171428571428571,0.729299363057325,0.890021513196274,"Stomach Adenocarcinoma","Primary Tumor vs Solid Tissue Normal"
"467",0.171428571428571,0.730891719745223,0.889934089386544,"Stomach Adenocarcinoma","Primary Tumor vs Solid Tissue Normal"
"468",0.185714285714286,0.730891719745223,0.889382121975625,"Stomach Adenocarcinoma","Primary Tumor vs Solid Tissue Normal"
"469",0.185714285714286,0.732484076433121,0.888956568538586,"Stomach Adenocarcinoma","Primary Tumor vs Solid Tissue Normal"
"470",0.185714285714286,0.734076433121019,0.887431355418984,"Stomach Adenocarcinoma","Primary Tumor vs Solid Tissue Normal"
"471",0.185714285714286,0.735668789808917,0.88680556989124,"Stomach Adenocarcinoma","Primary Tumor vs Solid Tissue Normal"
"472",0.185714285714286,0.737261146496815,0.886517922624587,"Stomach Adenocarcinoma","Primary Tumor vs Solid Tissue Normal"
"473",0.185714285714286,0.738853503184713,0.886060105025003,"Stomach Adenocarcinoma","Primary Tumor vs Solid Tissue Normal"
"474",0.185714285714286,0.740445859872611,0.884253622682725,"Stomach Adenocarcinoma","Primary Tumor vs Solid Tissue Normal"
"475",0.185714285714286,0.74203821656051,0.882266276921213,"Stomach Adenocarcinoma","Primary Tumor vs Solid Tissue Normal"
"476",0.185714285714286,0.743630573248408,0.881143398757574,"Stomach Adenocarcinoma","Primary Tumor vs Solid Tissue Normal"
"477",0.185714285714286,0.745222929936306,0.880820000786629,"Stomach Adenocarcinoma","Primary Tumor vs Solid Tissue Normal"
"478",0.185714285714286,0.746815286624204,0.88055762186323,"Stomach Adenocarcinoma","Primary Tumor vs Solid Tissue Normal"
"479",0.185714285714286,0.748407643312102,0.878854063653115,"Stomach Adenocarcinoma","Primary Tumor vs Solid Tissue Normal"
"480",0.185714285714286,0.75,0.878623759933296,"Stomach Adenocarcinoma","Primary Tumor vs Solid Tissue Normal"
"481",0.185714285714286,0.751592356687898,0.878119447207957,"Stomach Adenocarcinoma","Primary Tumor vs Solid Tissue Normal"
"482",0.185714285714286,0.753184713375796,0.877415848966692,"Stomach Adenocarcinoma","Primary Tumor vs Solid Tissue Normal"
"483",0.185714285714286,0.754777070063694,0.87741039086922,"Stomach Adenocarcinoma","Primary Tumor vs Solid Tissue Normal"
"484",0.2,0.754777070063694,0.875894111571866,"Stomach Adenocarcinoma","Primary Tumor vs Solid Tissue Normal"
"485",0.2,0.756369426751592,0.874064316328581,"Stomach Adenocarcinoma","Primary Tumor vs Solid Tissue Normal"
"486",0.2,0.75796178343949,0.873340621347376,"Stomach Adenocarcinoma","Primary Tumor vs Solid Tissue Normal"
"487",0.2,0.759554140127389,0.87310148985217,"Stomach Adenocarcinoma","Primary Tumor vs Solid Tissue Normal"
"488",0.2,0.761146496815287,0.872232973031621,"Stomach Adenocarcinoma","Primary Tumor vs Solid Tissue Normal"
"489",0.2,0.762738853503185,0.871857627165667,"Stomach Adenocarcinoma","Primary Tumor vs Solid Tissue Normal"
"490",0.2,0.764331210191083,0.87170004201255,"Stomach Adenocarcinoma","Primary Tumor vs Solid Tissue Normal"
"491",0.2,0.765923566878981,0.870852330273768,"Stomach Adenocarcinoma","Primary Tumor vs Solid Tissue Normal"
"492",0.2,0.767515923566879,0.869242883303878,"Stomach Adenocarcinoma","Primary Tumor vs Solid Tissue Normal"
"493",0.2,0.769108280254777,0.868570025271175,"Stomach Adenocarcinoma","Primary Tumor vs Solid Tissue Normal"
"494",0.2,0.770700636942675,0.868473465205568,"Stomach Adenocarcinoma","Primary Tumor vs Solid Tissue Normal"
"495",0.2,0.772292993630573,0.867176767304502,"Stomach Adenocarcinoma","Primary Tumor vs Solid Tissue Normal"
"496",0.2,0.773885350318471,0.867155563695454,"Stomach Adenocarcinoma","Primary Tumor vs Solid Tissue Normal"
"497",0.2,0.775477707006369,0.867154419357221,"Stomach Adenocarcinoma","Primary Tumor vs Solid Tissue Normal"
"498",0.2,0.777070063694268,0.865975141317568,"Stomach Adenocarcinoma","Primary Tumor vs Solid Tissue Normal"
"499",0.2,0.778662420382166,0.865915600089695,"Stomach Adenocarcinoma","Primary Tumor vs Solid Tissue Normal"
"500",0.2,0.780254777070064,0.863430172005789,"Stomach Adenocarcinoma","Primary Tumor vs Solid Tissue Normal"
"501",0.2,0.781847133757962,0.863165006179415,"Stomach Adenocarcinoma","Primary Tumor vs Solid Tissue Normal"
"502",0.2,0.78343949044586,0.862952622426122,"Stomach Adenocarcinoma","Primary Tumor vs Solid Tissue Normal"
"503",0.2,0.785031847133758,0.862015517079568,"Stomach Adenocarcinoma","Primary Tumor vs Solid Tissue Normal"
"504",0.214285714285714,0.785031847133758,0.860333890061765,"Stomach Adenocarcinoma","Primary Tumor vs Solid Tissue Normal"
"505",0.214285714285714,0.786624203821656,0.860145109734799,"Stomach Adenocarcinoma","Primary Tumor vs Solid Tissue Normal"
"506",0.214285714285714,0.788216560509554,0.859725961816752,"Stomach Adenocarcinoma","Primary Tumor vs Solid Tissue Normal"
"507",0.214285714285714,0.789808917197452,0.859631936930878,"Stomach Adenocarcinoma","Primary Tumor vs Solid Tissue Normal"
"508",0.214285714285714,0.79140127388535,0.859514710546674,"Stomach Adenocarcinoma","Primary Tumor vs Solid Tissue Normal"
"509",0.214285714285714,0.792993630573248,0.859401011114727,"Stomach Adenocarcinoma","Primary Tumor vs Solid Tissue Normal"
"510",0.214285714285714,0.794585987261146,0.85933001752918,"Stomach Adenocarcinoma","Primary Tumor vs Solid Tissue Normal"
"511",0.214285714285714,0.796178343949045,0.858317693850491,"Stomach Adenocarcinoma","Primary Tumor vs Solid Tissue Normal"
"512",0.214285714285714,0.797770700636943,0.858299006164839,"Stomach Adenocarcinoma","Primary Tumor vs Solid Tissue Normal"
"513",0.214285714285714,0.799363057324841,0.857886591605858,"Stomach Adenocarcinoma","Primary Tumor vs Solid Tissue Normal"
"514",0.214285714285714,0.800955414012739,0.857394397238412,"Stomach Adenocarcinoma","Primary Tumor vs Solid Tissue Normal"
"515",0.214285714285714,0.802547770700637,0.856911054539078,"Stomach Adenocarcinoma","Primary Tumor vs Solid Tissue Normal"
"516",0.214285714285714,0.804140127388535,0.856788311143075,"Stomach Adenocarcinoma","Primary Tumor vs Solid Tissue Normal"
"517",0.214285714285714,0.805732484076433,0.854909293180521,"Stomach Adenocarcinoma","Primary Tumor vs Solid Tissue Normal"
"518",0.214285714285714,0.807324840764331,0.853135455646415,"Stomach Adenocarcinoma","Primary Tumor vs Solid Tissue Normal"
"519",0.214285714285714,0.808917197452229,0.852789572966819,"Stomach Adenocarcinoma","Primary Tumor vs Solid Tissue Normal"
"520",0.214285714285714,0.810509554140127,0.851812512827883,"Stomach Adenocarcinoma","Primary Tumor vs Solid Tissue Normal"
"521",0.214285714285714,0.812101910828026,0.850220778279776,"Stomach Adenocarcinoma","Primary Tumor vs Solid Tissue Normal"
"522",0.228571428571429,0.812101910828026,0.850052250268227,"Stomach Adenocarcinoma","Primary Tumor vs Solid Tissue Normal"
"523",0.228571428571429,0.813694267515924,0.849242509418414,"Stomach Adenocarcinoma","Primary Tumor vs Solid Tissue Normal"
"524",0.228571428571429,0.815286624203822,0.84814164179427,"Stomach Adenocarcinoma","Primary Tumor vs Solid Tissue Normal"
"525",0.228571428571429,0.81687898089172,0.846686751907683,"Stomach Adenocarcinoma","Primary Tumor vs Solid Tissue Normal"
"526",0.228571428571429,0.818471337579618,0.84616368326377,"Stomach Adenocarcinoma","Primary Tumor vs Solid Tissue Normal"
"527",0.228571428571429,0.820063694267516,0.84577274559326,"Stomach Adenocarcinoma","Primary Tumor vs Solid Tissue Normal"
"528",0.228571428571429,0.821656050955414,0.843882244933874,"Stomach Adenocarcinoma","Primary Tumor vs Solid Tissue Normal"
"529",0.228571428571429,0.823248407643312,0.843138256449716,"Stomach Adenocarcinoma","Primary Tumor vs Solid Tissue Normal"
"530",0.228571428571429,0.82484076433121,0.842628049079719,"Stomach Adenocarcinoma","Primary Tumor vs Solid Tissue Normal"
"531",0.242857142857143,0.82484076433121,0.84236721107878,"Stomach Adenocarcinoma","Primary Tumor vs Solid Tissue Normal"
"532",0.242857142857143,0.826433121019108,0.841885284630004,"Stomach Adenocarcinoma","Primary Tumor vs Solid Tissue Normal"
"533",0.242857142857143,0.828025477707006,0.840605321447843,"Stomach Adenocarcinoma","Primary Tumor vs Solid Tissue Normal"
"534",0.242857142857143,0.829617834394904,0.838505665916136,"Stomach Adenocarcinoma","Primary Tumor vs Solid Tissue Normal"
"535",0.242857142857143,0.831210191082803,0.837091003560877,"Stomach Adenocarcinoma","Primary Tumor vs Solid Tissue Normal"
"536",0.242857142857143,0.832802547770701,0.836950738358547,"Stomach Adenocarcinoma","Primary Tumor vs Solid Tissue Normal"
"537",0.242857142857143,0.834394904458599,0.836895012469347,"Stomach Adenocarcinoma","Primary Tumor vs Solid Tissue Normal"
"538",0.242857142857143,0.835987261146497,0.832316385498225,"Stomach Adenocarcinoma","Primary Tumor vs Solid Tissue Normal"
"539",0.242857142857143,0.837579617834395,0.830745728336091,"Stomach Adenocarcinoma","Primary Tumor vs Solid Tissue Normal"
"540",0.242857142857143,0.839171974522293,0.827549568867318,"Stomach Adenocarcinoma","Primary Tumor vs Solid Tissue Normal"
"541",0.242857142857143,0.840764331210191,0.827088499789865,"Stomach Adenocarcinoma","Primary Tumor vs Solid Tissue Normal"
"542",0.242857142857143,0.842356687898089,0.826690631584671,"Stomach Adenocarcinoma","Primary Tumor vs Solid Tissue Normal"
"543",0.242857142857143,0.843949044585987,0.826015739892916,"Stomach Adenocarcinoma","Primary Tumor vs Solid Tissue Normal"
"544",0.242857142857143,0.845541401273885,0.824185623161801,"Stomach Adenocarcinoma","Primary Tumor vs Solid Tissue Normal"
"545",0.257142857142857,0.845541401273885,0.823299654364294,"Stomach Adenocarcinoma","Primary Tumor vs Solid Tissue Normal"
"546",0.257142857142857,0.847133757961783,0.822766698671977,"Stomach Adenocarcinoma","Primary Tumor vs Solid Tissue Normal"
"547",0.257142857142857,0.848726114649682,0.822554238055906,"Stomach Adenocarcinoma","Primary Tumor vs Solid Tissue Normal"
"548",0.257142857142857,0.85031847133758,0.82231336334996,"Stomach Adenocarcinoma","Primary Tumor vs Solid Tissue Normal"
"549",0.257142857142857,0.851910828025478,0.822200498105729,"Stomach Adenocarcinoma","Primary Tumor vs Solid Tissue Normal"
"550",0.257142857142857,0.853503184713376,0.821762270804346,"Stomach Adenocarcinoma","Primary Tumor vs Solid Tissue Normal"
"551",0.257142857142857,0.855095541401274,0.82023551566838,"Stomach Adenocarcinoma","Primary Tumor vs Solid Tissue Normal"
"552",0.257142857142857,0.856687898089172,0.816847544523822,"Stomach Adenocarcinoma","Primary Tumor vs Solid Tissue Normal"
"553",0.257142857142857,0.85828025477707,0.814912633050345,"Stomach Adenocarcinoma","Primary Tumor vs Solid Tissue Normal"
"554",0.257142857142857,0.859872611464968,0.811863924192405,"Stomach Adenocarcinoma","Primary Tumor vs Solid Tissue Normal"
"555",0.257142857142857,0.861464968152866,0.811765991707423,"Stomach Adenocarcinoma","Primary Tumor vs Solid Tissue Normal"
"556",0.257142857142857,0.863057324840764,0.810095254039754,"Stomach Adenocarcinoma","Primary Tumor vs Solid Tissue Normal"
"557",0.271428571428571,0.863057324840764,0.809749513271569,"Stomach Adenocarcinoma","Primary Tumor vs Solid Tissue Normal"
"558",0.271428571428571,0.864649681528662,0.808626068583135,"Stomach Adenocarcinoma","Primary Tumor vs Solid Tissue Normal"
"559",0.271428571428571,0.866242038216561,0.80837311897005,"Stomach Adenocarcinoma","Primary Tumor vs Solid Tissue Normal"
"560",0.271428571428571,0.867834394904459,0.808073686046639,"Stomach Adenocarcinoma","Primary Tumor vs Solid Tissue Normal"
"561",0.271428571428571,0.869426751592357,0.807129011288583,"Stomach Adenocarcinoma","Primary Tumor vs Solid Tissue Normal"
"562",0.271428571428571,0.871019108280255,0.806105727844159,"Stomach Adenocarcinoma","Primary Tumor vs Solid Tissue Normal"
"563",0.271428571428571,0.872611464968153,0.804787898398568,"Stomach Adenocarcinoma","Primary Tumor vs Solid Tissue Normal"
"564",0.271428571428571,0.874203821656051,0.804706078598271,"Stomach Adenocarcinoma","Primary Tumor vs Solid Tissue Normal"
"565",0.271428571428571,0.875796178343949,0.80361354893974,"Stomach Adenocarcinoma","Primary Tumor vs Solid Tissue Normal"
"566",0.285714285714286,0.875796178343949,0.802522801679845,"Stomach Adenocarcinoma","Primary Tumor vs Solid Tissue Normal"
"567",0.3,0.875796178343949,0.798684463007415,"Stomach Adenocarcinoma","Primary Tumor vs Solid Tissue Normal"
"568",0.3,0.877388535031847,0.795694167617381,"Stomach Adenocarcinoma","Primary Tumor vs Solid Tissue Normal"
"569",0.3,0.878980891719745,0.794365288522182,"Stomach Adenocarcinoma","Primary Tumor vs Solid Tissue Normal"
"570",0.3,0.880573248407643,0.792331765406919,"Stomach Adenocarcinoma","Primary Tumor vs Solid Tissue Normal"
"571",0.3,0.882165605095541,0.791888515377222,"Stomach Adenocarcinoma","Primary Tumor vs Solid Tissue Normal"
"572",0.3,0.883757961783439,0.791626551293197,"Stomach Adenocarcinoma","Primary Tumor vs Solid Tissue Normal"
"573",0.3,0.885350318471338,0.79073624932026,"Stomach Adenocarcinoma","Primary Tumor vs Solid Tissue Normal"
"574",0.3,0.886942675159236,0.790699945221294,"Stomach Adenocarcinoma","Primary Tumor vs Solid Tissue Normal"
"575",0.3,0.888535031847134,0.790188040560666,"Stomach Adenocarcinoma","Primary Tumor vs Solid Tissue Normal"
"576",0.3,0.890127388535032,0.790106219427703,"Stomach Adenocarcinoma","Primary Tumor vs Solid Tissue Normal"
"577",0.3,0.89171974522293,0.788777171079827,"Stomach Adenocarcinoma","Primary Tumor vs Solid Tissue Normal"
"578",0.3,0.893312101910828,0.787533753406027,"Stomach Adenocarcinoma","Primary Tumor vs Solid Tissue Normal"
"579",0.3,0.894904458598726,0.782007259209579,"Stomach Adenocarcinoma","Primary Tumor vs Solid Tissue Normal"
"580",0.3,0.896496815286624,0.775124133499564,"Stomach Adenocarcinoma","Primary Tumor vs Solid Tissue Normal"
"581",0.3,0.898089171974522,0.775042604389032,"Stomach Adenocarcinoma","Primary Tumor vs Solid Tissue Normal"
"582",0.3,0.89968152866242,0.771924047309974,"Stomach Adenocarcinoma","Primary Tumor vs Solid Tissue Normal"
"583",0.3,0.901273885350318,0.769168815487647,"Stomach Adenocarcinoma","Primary Tumor vs Solid Tissue Normal"
"584",0.3,0.902866242038217,0.768586603457348,"Stomach Adenocarcinoma","Primary Tumor vs Solid Tissue Normal"
"585",0.3,0.904458598726115,0.764721285610729,"Stomach Adenocarcinoma","Primary Tumor vs Solid Tissue Normal"
"586",0.3,0.906050955414013,0.759614585401612,"Stomach Adenocarcinoma","Primary Tumor vs Solid Tissue Normal"
"587",0.3,0.907643312101911,0.75948812375494,"Stomach Adenocarcinoma","Primary Tumor vs Solid Tissue Normal"
"588",0.3,0.909235668789809,0.758337526338733,"Stomach Adenocarcinoma","Primary Tumor vs Solid Tissue Normal"
"589",0.3,0.910828025477707,0.754905409005179,"Stomach Adenocarcinoma","Primary Tumor vs Solid Tissue Normal"
"590",0.3,0.912420382165605,0.753171224613393,"Stomach Adenocarcinoma","Primary Tumor vs Solid Tissue Normal"
"591",0.3,0.914012738853503,0.75295969081574,"Stomach Adenocarcinoma","Primary Tumor vs Solid Tissue Normal"
"592",0.3,0.915605095541401,0.749328961177424,"Stomach Adenocarcinoma","Primary Tumor vs Solid Tissue Normal"
"593",0.3,0.917197452229299,0.746744290960279,"Stomach Adenocarcinoma","Primary Tumor vs Solid Tissue Normal"
"594",0.3,0.918789808917197,0.745629734528819,"Stomach Adenocarcinoma","Primary Tumor vs Solid Tissue Normal"
"595",0.3,0.920382165605096,0.744650298806999,"Stomach Adenocarcinoma","Primary Tumor vs Solid Tissue Normal"
"596",0.3,0.921974522292994,0.740815146363858,"Stomach Adenocarcinoma","Primary Tumor vs Solid Tissue Normal"
"597",0.3,0.923566878980892,0.73997920242132,"Stomach Adenocarcinoma","Primary Tumor vs Solid Tissue Normal"
"598",0.314285714285714,0.923566878980892,0.735162859366494,"Stomach Adenocarcinoma","Primary Tumor vs Solid Tissue Normal"
"599",0.314285714285714,0.92515923566879,0.729631260345995,"Stomach Adenocarcinoma","Primary Tumor vs Solid Tissue Normal"
"600",0.314285714285714,0.926751592356688,0.725519469144899,"Stomach Adenocarcinoma","Primary Tumor vs Solid Tissue Normal"
"601",0.314285714285714,0.928343949044586,0.721949232984062,"Stomach Adenocarcinoma","Primary Tumor vs Solid Tissue Normal"
"602",0.314285714285714,0.929936305732484,0.719303781620932,"Stomach Adenocarcinoma","Primary Tumor vs Solid Tissue Normal"
"603",0.314285714285714,0.931528662420382,0.718985509636197,"Stomach Adenocarcinoma","Primary Tumor vs Solid Tissue Normal"
"604",0.314285714285714,0.93312101910828,0.718156996424663,"Stomach Adenocarcinoma","Primary Tumor vs Solid Tissue Normal"
"605",0.314285714285714,0.934713375796178,0.71264168678236,"Stomach Adenocarcinoma","Primary Tumor vs Solid Tissue Normal"
"606",0.314285714285714,0.936305732484076,0.711920245319877,"Stomach Adenocarcinoma","Primary Tumor vs Solid Tissue Normal"
"607",0.314285714285714,0.937898089171974,0.709567773619276,"Stomach Adenocarcinoma","Primary Tumor vs Solid Tissue Normal"
"608",0.314285714285714,0.939490445859873,0.708367341520149,"Stomach Adenocarcinoma","Primary Tumor vs Solid Tissue Normal"
"609",0.314285714285714,0.941082802547771,0.706965281268134,"Stomach Adenocarcinoma","Primary Tumor vs Solid Tissue Normal"
"610",0.314285714285714,0.942675159235669,0.701695283419524,"Stomach Adenocarcinoma","Primary Tumor vs Solid Tissue Normal"
"611",0.314285714285714,0.944267515923567,0.695955830029703,"Stomach Adenocarcinoma","Primary Tumor vs Solid Tissue Normal"
"612",0.314285714285714,0.945859872611465,0.694502445698919,"Stomach Adenocarcinoma","Primary Tumor vs Solid Tissue Normal"
"613",0.314285714285714,0.947452229299363,0.689499296126857,"Stomach Adenocarcinoma","Primary Tumor vs Solid Tissue Normal"
"614",0.328571428571429,0.947452229299363,0.689465134765958,"Stomach Adenocarcinoma","Primary Tumor vs Solid Tissue Normal"
"615",0.328571428571429,0.949044585987261,0.68679936352392,"Stomach Adenocarcinoma","Primary Tumor vs Solid Tissue Normal"
"616",0.328571428571429,0.950636942675159,0.676955548936344,"Stomach Adenocarcinoma","Primary Tumor vs Solid Tissue Normal"
"617",0.328571428571429,0.952229299363057,0.671788531742071,"Stomach Adenocarcinoma","Primary Tumor vs Solid Tissue Normal"
"618",0.328571428571429,0.953821656050955,0.669953691850229,"Stomach Adenocarcinoma","Primary Tumor vs Solid Tissue Normal"
"619",0.328571428571429,0.955414012738854,0.668470052617233,"Stomach Adenocarcinoma","Primary Tumor vs Solid Tissue Normal"
"620",0.328571428571429,0.957006369426752,0.667934080974234,"Stomach Adenocarcinoma","Primary Tumor vs Solid Tissue Normal"
"621",0.328571428571429,0.95859872611465,0.66275613783337,"Stomach Adenocarcinoma","Primary Tumor vs Solid Tissue Normal"
"622",0.342857142857143,0.95859872611465,0.654106187131766,"Stomach Adenocarcinoma","Primary Tumor vs Solid Tissue Normal"
"623",0.342857142857143,0.960191082802548,0.647977736320568,"Stomach Adenocarcinoma","Primary Tumor vs Solid Tissue Normal"
"624",0.342857142857143,0.961783439490446,0.646597063137431,"Stomach Adenocarcinoma","Primary Tumor vs Solid Tissue Normal"
"625",0.342857142857143,0.963375796178344,0.632141267697393,"Stomach Adenocarcinoma","Primary Tumor vs Solid Tissue Normal"
"626",0.342857142857143,0.964968152866242,0.629181311596915,"Stomach Adenocarcinoma","Primary Tumor vs Solid Tissue Normal"
"627",0.357142857142857,0.964968152866242,0.617413664385659,"Stomach Adenocarcinoma","Primary Tumor vs Solid Tissue Normal"
"628",0.357142857142857,0.96656050955414,0.615905286466682,"Stomach Adenocarcinoma","Primary Tumor vs Solid Tissue Normal"
"629",0.371428571428571,0.96656050955414,0.611507262212124,"Stomach Adenocarcinoma","Primary Tumor vs Solid Tissue Normal"
"630",0.371428571428571,0.968152866242038,0.611208159783313,"Stomach Adenocarcinoma","Primary Tumor vs Solid Tissue Normal"
"631",0.371428571428571,0.969745222929936,0.603848388693485,"Stomach Adenocarcinoma","Primary Tumor vs Solid Tissue Normal"
"632",0.385714285714286,0.969745222929936,0.585376584017475,"Stomach Adenocarcinoma","Primary Tumor vs Solid Tissue Normal"
"633",0.385714285714286,0.971337579617834,0.581815531230727,"Stomach Adenocarcinoma","Primary Tumor vs Solid Tissue Normal"
"634",0.4,0.971337579617834,0.578342884555464,"Stomach Adenocarcinoma","Primary Tumor vs Solid Tissue Normal"
"635",0.4,0.972929936305732,0.549300066477179,"Stomach Adenocarcinoma","Primary Tumor vs Solid Tissue Normal"
"636",0.4,0.974522292993631,0.545849612932618,"Stomach Adenocarcinoma","Primary Tumor vs Solid Tissue Normal"
"637",0.4,0.976114649681529,0.534530839949244,"Stomach Adenocarcinoma","Primary Tumor vs Solid Tissue Normal"
"638",0.414285714285714,0.976114649681529,0.491600139294986,"Stomach Adenocarcinoma","Primary Tumor vs Solid Tissue Normal"
"639",0.428571428571429,0.976114649681529,0.463917692448989,"Stomach Adenocarcinoma","Primary Tumor vs Solid Tissue Normal"
"640",0.442857142857143,0.976114649681529,0.460294413890204,"Stomach Adenocarcinoma","Primary Tumor vs Solid Tissue Normal"
"641",0.442857142857143,0.977707006369427,0.45370860236352,"Stomach Adenocarcinoma","Primary Tumor vs Solid Tissue Normal"
"642",0.442857142857143,0.979299363057325,0.431905699197779,"Stomach Adenocarcinoma","Primary Tumor vs Solid Tissue Normal"
"643",0.442857142857143,0.980891719745223,0.431159380640232,"Stomach Adenocarcinoma","Primary Tumor vs Solid Tissue Normal"
"644",0.442857142857143,0.982484076433121,0.418469782599428,"Stomach Adenocarcinoma","Primary Tumor vs Solid Tissue Normal"
"645",0.442857142857143,0.984076433121019,0.40259349751669,"Stomach Adenocarcinoma","Primary Tumor vs Solid Tissue Normal"
"646",0.442857142857143,0.985668789808917,0.382800069084996,"Stomach Adenocarcinoma","Primary Tumor vs Solid Tissue Normal"
"647",0.457142857142857,0.985668789808917,0.372577838071953,"Stomach Adenocarcinoma","Primary Tumor vs Solid Tissue Normal"
"648",0.471428571428571,0.985668789808917,0.334768953490004,"Stomach Adenocarcinoma","Primary Tumor vs Solid Tissue Normal"
"649",0.471428571428571,0.987261146496815,0.296094585623538,"Stomach Adenocarcinoma","Primary Tumor vs Solid Tissue Normal"
"650",0.485714285714286,0.987261146496815,0.29329576354905,"Stomach Adenocarcinoma","Primary Tumor vs Solid Tissue Normal"
"651",0.5,0.987261146496815,0.285392049453267,"Stomach Adenocarcinoma","Primary Tumor vs Solid Tissue Normal"
"652",0.5,0.988853503184713,0.283153111813476,"Stomach Adenocarcinoma","Primary Tumor vs Solid Tissue Normal"
"653",0.5,0.990445859872611,0.254640305423111,"Stomach Adenocarcinoma","Primary Tumor vs Solid Tissue Normal"
"654",0.514285714285714,0.990445859872611,0.209235257065053,"Stomach Adenocarcinoma","Primary Tumor vs Solid Tissue Normal"
"655",0.528571428571429,0.990445859872611,0.201295034373794,"Stomach Adenocarcinoma","Primary Tumor vs Solid Tissue Normal"
"656",0.528571428571429,0.99203821656051,0.182075731181386,"Stomach Adenocarcinoma","Primary Tumor vs Solid Tissue Normal"
"657",0.528571428571429,0.993630573248408,0.154112325953007,"Stomach Adenocarcinoma","Primary Tumor vs Solid Tissue Normal"
"658",0.528571428571429,0.995222929936306,0.128097061036509,"Stomach Adenocarcinoma","Primary Tumor vs Solid Tissue Normal"
"659",0.542857142857143,0.995222929936306,0.127150888291317,"Stomach Adenocarcinoma","Primary Tumor vs Solid Tissue Normal"
"660",0.542857142857143,0.996815286624204,0.122673667692274,"Stomach Adenocarcinoma","Primary Tumor vs Solid Tissue Normal"
"661",0.557142857142857,0.996815286624204,0.106155198498032,"Stomach Adenocarcinoma","Primary Tumor vs Solid Tissue Normal"
"662",0.571428571428571,0.996815286624204,0.0902960026625989,"Stomach Adenocarcinoma","Primary Tumor vs Solid Tissue Normal"
"663",0.585714285714286,0.996815286624204,0.0882149367300167,"Stomach Adenocarcinoma","Primary Tumor vs Solid Tissue Normal"
"664",0.6,0.996815286624204,0.0875130003961531,"Stomach Adenocarcinoma","Primary Tumor vs Solid Tissue Normal"
"665",0.614285714285714,0.996815286624204,0.0798981592746441,"Stomach Adenocarcinoma","Primary Tumor vs Solid Tissue Normal"
"666",0.628571428571429,0.996815286624204,0.0796411926449254,"Stomach Adenocarcinoma","Primary Tumor vs Solid Tissue Normal"
"667",0.642857142857143,0.996815286624204,0.0768668935599834,"Stomach Adenocarcinoma","Primary Tumor vs Solid Tissue Normal"
"668",0.657142857142857,0.996815286624204,0.075520181305103,"Stomach Adenocarcinoma","Primary Tumor vs Solid Tissue Normal"
"669",0.657142857142857,0.998407643312102,0.0703410099565984,"Stomach Adenocarcinoma","Primary Tumor vs Solid Tissue Normal"
"670",0.671428571428571,0.998407643312102,0.0682714006430239,"Stomach Adenocarcinoma","Primary Tumor vs Solid Tissue Normal"
"671",0.671428571428571,1,0.068229247114863,"Stomach Adenocarcinoma","Primary Tumor vs Solid Tissue Normal"
"672",0.685714285714286,1,0.0658661325431062,"Stomach Adenocarcinoma","Primary Tumor vs Solid Tissue Normal"
"673",0.7,1,0.0657581942584206,"Stomach Adenocarcinoma","Primary Tumor vs Solid Tissue Normal"
"674",0.714285714285714,1,0.0639632858177187,"Stomach Adenocarcinoma","Primary Tumor vs Solid Tissue Normal"
"675",0.728571428571429,1,0.063724198086042,"Stomach Adenocarcinoma","Primary Tumor vs Solid Tissue Normal"
"676",0.742857142857143,1,0.0636335393576651,"Stomach Adenocarcinoma","Primary Tumor vs Solid Tissue Normal"
"677",0.757142857142857,1,0.0631004239784809,"Stomach Adenocarcinoma","Primary Tumor vs Solid Tissue Normal"
"678",0.771428571428571,1,0.0630892553634838,"Stomach Adenocarcinoma","Primary Tumor vs Solid Tissue Normal"
"679",0.785714285714286,1,0.0619213857031303,"Stomach Adenocarcinoma","Primary Tumor vs Solid Tissue Normal"
"680",0.8,1,0.0593800343677396,"Stomach Adenocarcinoma","Primary Tumor vs Solid Tissue Normal"
"681",0.814285714285714,1,0.0559486915082703,"Stomach Adenocarcinoma","Primary Tumor vs Solid Tissue Normal"
"682",0.828571428571429,1,0.0551128044992277,"Stomach Adenocarcinoma","Primary Tumor vs Solid Tissue Normal"
"683",0.842857142857143,1,0.053325260779822,"Stomach Adenocarcinoma","Primary Tumor vs Solid Tissue Normal"
"684",0.857142857142857,1,0.0416919546641457,"Stomach Adenocarcinoma","Primary Tumor vs Solid Tissue Normal"
"685",0.871428571428571,1,0.0414919572411671,"Stomach Adenocarcinoma","Primary Tumor vs Solid Tissue Normal"
"686",0.885714285714286,1,0.0398391088048542,"Stomach Adenocarcinoma","Primary Tumor vs Solid Tissue Normal"
"687",0.9,1,0.0389775007197522,"Stomach Adenocarcinoma","Primary Tumor vs Solid Tissue Normal"
"688",0.914285714285714,1,0.0387386534328577,"Stomach Adenocarcinoma","Primary Tumor vs Solid Tissue Normal"
"689",0.928571428571429,1,0.0370688271053725,"Stomach Adenocarcinoma","Primary Tumor vs Solid Tissue Normal"
"690",0.942857142857143,1,0.036587186658391,"Stomach Adenocarcinoma","Primary Tumor vs Solid Tissue Normal"
"691",0.957142857142857,1,0.0354253802192793,"Stomach Adenocarcinoma","Primary Tumor vs Solid Tissue Normal"
"692",0.971428571428571,1,0.0282149313270894,"Stomach Adenocarcinoma","Primary Tumor vs Solid Tissue Normal"
"693",0.985714285714286,1,0.0241340007519681,"Stomach Adenocarcinoma","Primary Tumor vs Solid Tissue Normal"
"694",1,1,0.0241340007519681,"Stomach Adenocarcinoma","Primary Tumor vs Solid Tissue Normal"
